0 0.01172780990600586
 
0 0.018369197845458984
 
0 0.025701045989990234
 
1 0.03160595893859863
 
1 0.038085222244262695
 
2 0.044847726821899414
 
4 0.051749229431152344
 
7 0.06059980392456055
 
9 0.06696009635925293
 
12 0.07419681549072266
 
16 0.08457589149475098
 
20 0.09203720092773438
 
24 0.0997002124786377
 
29 0.10636782646179199
 
33 0.11419415473937988
 
38 0.12176513671875
 
45 0.131819486618042
 
50 0.1406078338623047
 
58 0.14855742454528809
 
62 0.15592241287231445
 
68 0.16453838348388672
 
76 0.17233800888061523
 
80 0.1799628734588623
 
86 0.18686628341674805
 
91 0.19350767135620117
 
98 0.20285248756408691
 
105 0.21034622192382812
 
112 0.21887826919555664
 
116 0.22585058212280273
 
121 0.23200631141662598
 
128 0.23876667022705078
 
132 0.24575042724609375
 
137 0.25183606147766113
 
144 0.25870537757873535
 
162 0.28342151641845703
 
175 0.2967255115509033
 
186 0.31084609031677246
 
201 0.32865214347839355
 
211 0.3406703472137451
 
224 0.3561427593231201
 
235 0.36843371391296387
 
240 0.37535738945007324
 
244 0.38146042823791504
 
250 0.3880603313446045
 
256 0.3948371410369873
 
262 0.4008204936981201
 
266 0.4075465202331543
 
282 0.425093412399292
 
292 0.4374699592590332
 
298 0.4448673725128174
 
304 0.4510021209716797
 
308 0.457735538482666
 
314 0.46471595764160156
 
320 0.47184157371520996
 
327 0.4784507751464844
 
332 0.48511433601379395
 
338 0.4916374683380127
 
344 0.498262882232666
 
349 0.505000114440918
 
354 0.5111124515533447
 
360 0.5187206268310547
 
366 0.5257651805877686
 
372 0.5318236351013184
 
378 0.5384337902069092
 
383 0.5451250076293945
 
388 0.5516602993011475
 
395 0.5582559108734131
 
400 0.5649867057800293
 
407 0.5720741748809814
 
412 0.5789487361907959
 
419 0.5860035419464111
 
424 0.5920746326446533
 
430 0.5986502170562744
 
434 0.6056780815124512
 
440 0.6119089126586914
 
446 0.6185054779052734
 
453 0.6262922286987305
 
458 0.6323559284210205
 
463 0.638981819152832
 
470 0.6460137367248535
 
475 0.6520793437957764
 
480 0.6586513519287109
 
485 0.665686845779419
 
492 0.6726639270782471
 
497 0.6795670986175537
 
504 0.6862006187438965
 
508 0.6922838687896729
 
514 0.6989028453826904
 
519 0.7059776782989502
 
526 0.7122271060943604
 
530 0.7195713520050049
 
537 0.7269837856292725
 
542 0.733569860458374
 
549 0.7408092021942139
 
554 0.7475299835205078
 
559 0.7536430358886719
 
566 0.7604365348815918
 
570 0.7669072151184082
 
577 0.7749898433685303
 
582 0.7809915542602539
 
587 0.7877287864685059
 
594 0.7948548793792725
 
599 0.8019156455993652
 
606 0.8096673488616943
 
612 0.8163192272186279
 
618 0.8235342502593994
 
624 0.8310079574584961
 
631 0.8390359878540039
 
638 0.8464653491973877
 
642 0.8526914119720459
 
648 0.8601417541503906
 
654 0.8667283058166504
 
660 0.874732494354248
 
666 0.8807327747344971
 
671 0.8870956897735596
 
676 0.8935205936431885
 
683 0.9003162384033203
 
688 0.9067840576171875
 
695 0.914905309677124
 
700 0.9209246635437012
 
707 0.9285275936126709
 
712 0.9354655742645264
 
717 0.941525936126709
 
722 0.9480373859405518
 
727 0.9547019004821777
 
734 0.9606764316558838
 
738 0.9670207500457764
 
743 0.9736201763153076
 
749 0.9823453426361084
 
754 0.9908499717712402
 
758 0.9990682601928711
 
761 1.0081424713134766
 
764 1.016453504562378
 
766 1.0262081623077393
 
766 1.035034418106079
 
766 1.0427825450897217
 
765 1.051788330078125
 
763 1.060220718383789
 
761 1.0667455196380615
 
759 1.07277250289917
 
756 1.0807652473449707
 
753 1.0874454975128174
 
750 1.094175100326538
 
746 1.10154128074646
 
742 1.1084747314453125
 
738 1.1154558658599854
 
734 1.1218955516815186
 
729 1.1300098896026611
 
724 1.1365978717803955
 
720 1.142746925354004
 
716 1.1499135494232178
 
710 1.156555414199829
 
706 1.1630864143371582
 
702 1.1700310707092285
 
696 1.1765918731689453
 
690 1.1856176853179932
 
685 1.1917269229888916
 
679 1.198338508605957
 
674 1.205073356628418
 
670 1.2116034030914307
 
665 1.2182424068450928
 
659 1.224980115890503
 
652 1.2325775623321533
 
646 1.240600347518921
 
642 1.2482357025146484
 
635 1.2549822330474854
 
628 1.2683384418487549
 
619 1.2756686210632324
 
612 1.283421516418457
 
606 1.2905383110046387
 
601 1.2969415187835693
 
596 1.3036959171295166
 
590 1.3104383945465088
 
585 1.3169076442718506
 
578 1.3250644207000732
 
572 1.3323290348052979
 
567 1.3389248847961426
 
562 1.34596586227417
 
556 1.3523132801055908
 
551 1.3599109649658203
 
545 1.3664982318878174
 
540 1.3729095458984375
 
534 1.3819847106933594
 
527 1.3899288177490234
 
520 1.398132085800171
 
514 1.4057276248931885
 
508 1.4121263027191162
 
503 1.4190657138824463
 
496 1.4260404109954834
 
492 1.4328138828277588
 
487 1.4397599697113037
 
480 1.4464058876037598
 
476 1.4530441761016846
 
469 1.4607176780700684
 
464 1.4671196937561035
 
460 1.4735534191131592
 
453 1.4803333282470703
 
446 1.4885804653167725
 
442 1.4958648681640625
 
437 1.5019667148590088
 
430 1.509063720703125
 
424 1.5163626670837402
 
419 1.5224690437316895
 
414 1.529029369354248
 
408 1.536787509918213
 
402 1.5428884029388428
 
398 1.549926996231079
 
391 1.5565190315246582
 
386 1.56341552734375
 
380 1.570324182510376
 
375 1.5767977237701416
 
370 1.5829081535339355
 
364 1.5907444953918457
 
358 1.597440481185913
 
354 1.6035866737365723
 
347 1.6103606224060059
 
342 1.6168396472930908
 
337 1.6234564781188965
 
330 1.630849838256836
 
324 1.6383435726165771
 
319 1.645082950592041
 
314 1.65108323097229
 
309 1.6580030918121338
 
303 1.6654491424560547
 
298 1.671572208404541
 
293 1.6781666278839111
 
286 1.6849143505096436
 
280 1.692413330078125
 
275 1.699096918106079
 
268 1.706084966659546
 
264 1.7121503353118896
 
258 1.7187292575836182
 
254 1.7257087230682373
 
249 1.7317745685577393
 
242 1.7400479316711426
 
236 1.7466084957122803
 
231 1.75290846824646
 
226 1.7599587440490723
 
220 1.7669003009796143
 
214 1.773104190826416
 
210 1.7800843715667725
 
203 1.7877402305603027
 
198 1.7946367263793945
 
192 1.8008196353912354
 
187 1.8075141906738281
 
182 1.8142368793487549
 
176 1.8206660747528076
 
171 1.8270845413208008
 
166 1.8335280418395996
 
160 1.8414580821990967
 
155 1.8480899333953857
 
148 1.8548579216003418
 
144 1.860846996307373
 
138 1.8683948516845703
 
132 1.8753504753112793
 
128 1.8816392421722412
 
122 1.8897521495819092
 
114 1.8968009948730469
 
110 1.9028775691986084
 
104 1.9107282161712646
 
98 1.9174830913543701
 
93 1.923614263534546
 
87 1.931797981262207
 
80 1.9384150505065918
 
74 1.946183681488037
 
69 1.9522466659545898
 
64 1.9588420391082764
 
59 1.965839147567749
 
52 1.9724183082580566
 
48 1.9790027141571045
 
41 1.9860200881958008
 
36 1.993091344833374
 
32 1.999992847442627
 
25 2.0065958499908447
 
20 2.0127947330474854
 
15 2.0197126865386963
 
8 2.0263497829437256
 
4 2.0323634147644043
 
-2 2.0389058589935303
 
-8 2.046603202819824
 
-13 2.052811622619629
 
-18 2.059864044189453
 
-24 2.0664381980895996
 
-29 2.073045492172241
 
-36 2.0803868770599365
 
-41 2.0868759155273438
 
-47 2.094871759414673
 
-52 2.1008338928222656
 
-57 2.107553243637085
 
-62 2.1146328449249268
 
-68 2.120671033859253
 
-74 2.127060890197754
 
-78 2.1334919929504395
 
-85 2.140462875366211
 
-90 2.1480977535247803
 
-95 2.1547837257385254
 
-101 2.1606900691986084
 
-106 2.167026996612549
 
-112 2.1748526096343994
 
-116 2.181417465209961
 
-119 2.187936305999756
 
-124 2.1956636905670166
 
-126 2.201639175415039
 
-129 2.208249092102051
 
-131 2.2149622440338135
 
-132 2.221003532409668
 
-133 2.2277212142944336
 
-133 2.234818696975708
 
-133 2.2420077323913574
 
-132 2.2504329681396484
 
-130 2.256920576095581
 
-127 2.2686734199523926
 
-125 2.2761216163635254
 
-122 2.2824008464813232
 
-118 2.289656162261963
 
-114 2.2970144748687744
 
-110 2.3051271438598633
 
-107 2.311126232147217
 
-103 2.318037748336792
 
-99 2.3247461318969727
 
-94 2.3307323455810547
 
-90 2.3370919227600098
 
-86 2.343492031097412
 
-80 2.351625919342041
 
-76 2.3582112789154053
 
-70 2.3649322986602783
 
-66 2.3709123134613037
 
-61 2.377664566040039
 
-52 2.3915016651153564
 
-44 2.399073362350464
 
-38 2.4060330390930176
 
-30 2.4162540435791016
 
-25 2.4224839210510254
 
-20 2.4290671348571777
 
-14 2.436034679412842
 
-9 2.443094253540039
 
-2 2.451829671859741
 
4 2.458383083343506
 
9 2.465013265609741
 
14 2.4714608192443848
 
19 2.4780921936035156
 
28 2.486501693725586
 
32 2.492560863494873
 
40 2.50101900100708
 
44 2.508172035217285
 
51 2.514892816543579
 
56 2.52085280418396
 
61 2.527583360671997
 
66 2.5347399711608887
 
73 2.5407257080078125
 
78 2.5471065044403076
 
85 2.555358409881592
 
90 2.5614476203918457
 
95 2.5680558681488037
 
100 2.574755907058716
 
107 2.5808048248291016
 
112 2.588327646255493
 
118 2.595083713531494
 
125 2.6021628379821777
 
130 2.6087636947631836
 
137 2.6161155700683594
 
142 2.6225039958953857
 
147 2.6303820610046387
 
154 2.6368722915649414
 
162 2.6465651988983154
 
169 2.655015707015991
 
176 2.6626782417297363
 
181 2.6696529388427734
 
188 2.6767451763153076
 
192 2.6835455894470215
 
199 2.6915788650512695
 
204 2.6983861923217773
 
212 2.7070565223693848
 
218 2.715099573135376
 
224 2.7211241722106934
 
231 2.7284131050109863
 
236 2.7353501319885254
 
241 2.7411065101623535
 
248 2.748410701751709
 
254 2.7565672397613525
 
260 2.762681245803833
 
265 2.7697770595550537
 
272 2.7764363288879395
 
276 2.7824783325195312
 
282 2.790062665939331
 
288 2.796663761138916
 
295 2.805363416671753
 
300 2.8114585876464844
 
305 2.8180482387542725
 
310 2.824746608734131
 
317 2.8309690952301025
 
322 2.837949752807617
 
328 2.844635486602783
 
334 2.8506581783294678
 
341 2.8582804203033447
 
346 2.8649990558624268
 
351 2.871000289916992
 
356 2.8779637813568115
 
362 2.8846395015716553
 
368 2.891979217529297
 
375 2.8985142707824707
 
380 2.90617036819458
 
387 2.9130592346191406
 
394 2.920178174972534
 
399 2.9267287254333496
 
404 2.932748556137085
 
409 2.939666271209717
 
416 2.9463346004486084
 
421 2.9525721073150635
 
428 2.960437059402466
 
433 2.966919183731079
 
440 2.976529359817505
 
446 2.983062982559204
 
454 2.990436315536499
 
458 2.9985547065734863
 
469 3.008556604385376
 
474 3.015897512435913
 
479 3.021981954574585
 
486 3.028836727142334
 
494 3.038891553878784
 
501 3.0465869903564453
 
506 3.0535104274749756
 
512 3.062350034713745
 
524 3.0750491619110107
 
531 3.0835955142974854
 
538 3.0924079418182373
 
546 3.10202693939209
 
554 3.1118569374084473
 
561 3.120347738265991
 
570 3.1287436485290527
 
576 3.136996269226074
 
583 3.145705461502075
 
588 3.151726007461548
 
594 3.1583313941955566
 
601 3.166081428527832
 
606 3.1720995903015137
 
611 3.1788582801818848
 
616 3.1858577728271484
 
623 3.192133665084839
 
628 3.1995301246643066
 
635 3.206204652786255
 
640 3.21309232711792
 
645 3.220017671585083
 
652 3.2266194820404053
 
657 3.232710599899292
 
665 3.24228572845459
 
670 3.249706983566284
 
677 3.2567455768585205
 
694 3.2766635417938232
 
699 3.283501386642456
 
706 3.292097330093384
 
715 3.3008172512054443
 
720 3.3081936836242676
 
728 3.3160133361816406
 
733 3.322080612182617
 
738 3.328608274459839
 
744 3.3355696201324463
 
748 3.3416950702667236
 
756 3.3486504554748535
 
762 3.35630464553833
 
767 3.3634471893310547
 
