0 16
0 22
1 27
1 32
1 38
1 43
1 48
1 54
2 60
2 65
3 71
3 77
5 81
6 87
7 93
8 98
9 103
11 110
13 115
15 120
17 126
19 131
21 137
24 142
27 147
29 152
33 159
35 164
39 169
41 174
45 180
49 185
53 191
56 197
59 202
63 208
67 213
71 219
74 224
79 230
81 235
85 240
89 247
94 252
98 258
102 263
106 269
108 274
112 280
116 285
118 290
122 297
125 302
128 308
131 313
133 319
135 324
137 330
139 335
141 340
143 346
145 351
145 357
147 362
147 368
148 375
149 382
149 390
148 398
147 406
145 415
143 423
141 431
139 439
137 447
133 453
131 461
128 467
125 472
123 477
121 482
117 488
114 493
111 499
108 504
105 510
101 516
97 521
93 527
90 532
86 537
82 543
79 548
75 553
71 559
67 565
63 571
59 576
55 581
51 587
49 592
45 597
41 603
39 608
35 615
31 620
28 626
25 631
23 637
20 642
17 647
15 652
13 657
11 663
9 669
8 674
7 680
6 685
5 698
4 704
4 709
4 717
4 722
5 727
6 733
7 738
7 743
9 749
11 755
12 761
14 767
15 772
18 778
20 783
21 788
24 794
27 799
29 804
31 810
37 819
39 824
42 829
45 834
48 840
52 845
55 850
59 856
63 861
65 867
69 872
73 878
78 883
81 888
85 893
89 899
92 904
96 910
100 916
105 922
109 927
113 933
115 938
119 943
123 949
125 954
129 959
131 964
135 971
137 977
140 982
143 987
145 992
147 997
149 1003
151 1008
152 1014
154 1020
155 1026
156 1031
157 1037
157 1042
158 1047
158 1052
158 1058
158 1063
157 1069
157 1075
156 1080
155 1085
153 1091
152 1097
150 1101
148 1107
147 1113
145 1118
142 1124
140 1130
138 1135
135 1140
132 1146
129 1151
127 1157
123 1162
120 1167
116 1173
113 1179
110 1184
106 1190
102 1195
99 1200
95 1206
91 1211
87 1217
83 1223
79 1229
76 1234
71 1239
69 1246
63 1251
61 1257
57 1261
53 1267
50 1273
45 1279
43 1284
39 1290
36 1295
34 1300
31 1306
28 1311
26 1317
23 1324
21 1330
19 1335
17 1341
16 1347
15 1352
14 1357
13 1362
13 1368
13 1373
13 1379
13 1384
13 1390
14 1396
15 1401
15 1407
16 1411
18 1417
19 1423
21 1429
23 1434
25 1439
26 1445
28 1450
31 1456
33 1461
35 1467
38 1471
41 1478
44 1483
46 1488
49 1493
53 1499
55 1504
59 1510
63 1515
65 1520
69 1527
73 1532
77 1537
82 1543
85 1548
89 1553
92 1559
96 1564
100 1569
103 1575
109 1581
113 1587
115 1592
119 1597
123 1603
126 1608
130 1613
133 1619
136 1624
141 1631
143 1637
146 1641
149 1647
151 1652
153 1658
155 1663
157 1668
159 1673
161 1680
162 1685
163 1694
165 1700
166 1705
167 1711
167 1716
167 1722
167 1727
167 1734
166 1739
165 1744
164 1750
163 1755
161 1761
160 1766
158 1771
156 1777
154 1783
152 1788
150 1794
147 1799
145 1804
143 1810
139 1815
136 1821
134 1826
129 1835
124 1841
122 1847
118 1851
114 1857
111 1862
107 1867
103 1873
101 1878
96 1884
92 1890
88 1895
84 1901
81 1906
77 1911
74 1917
70 1922
66 1927
62 1934
58 1940
55 1945
52 1950
49 1956
45 1961
43 1967
40 1972
37 1977
35 1983
32 1989
31 1994
29 2000
27 2005
26 2010
24 2016
23 2021
23 2027
22 2031
21 2038
21 2044
21 2049
21 2054
22 2060
23 2065
23 2071
24 2077
25 2081
27 2088
29 2093
30 2098
32 2104
34 2109
35 2114
38 2120
40 2125
42 2131
45 2137
49 2143
51 2148
54 2153
57 2159
60 2164
63 2170
66 2175
70 2180
73 2186
77 2192
81 2197
84 2202
89 2208
93 2213
95 2218
101 2225
104 2231
109 2236
114 2243
119 2249
121 2254
125 2260
129 2265
133 2271
136 2276
139 2281
142 2287
147 2293
149 2298
152 2303
155 2309
157 2314
160 2320
162 2325
165 2330
167 2336
169 2343
171 2349
172 2354
173 2360
174 2365
175 2370
175 2376
176 2381
176 2387
176 2393
175 2398
175 2403
174 2408
173 2414
172 2419
171 2424
169 2430
167 2435
165 2442
163 2448
161 2454
157 2462
154 2470
150 2477
147 2484
143 2493
138 2501
133 2508
128 2515
124 2522
119 2530
115 2535
111 2541
106 2548
102 2553
99 2558
95 2563
91 2569
88 2574
84 2580
81 2585
77 2590
72 2597
69 2602
65 2607
62 2613
59 2618
56 2623
53 2629
51 2634
47 2640
45 2646
42 2652
40 2657
37 2663
36 2668
35 2673
33 2679
32 2684
31 2689
29 2716
29 2727
30 2737
32 2753
35 2764
39 2776
43 2788
48 2797
53 2807
55 2813
59 2819
61 2824
64 2830
68 2835
74 2845
78 2855
85 2866
93 2873
97 2879
99 2884
104 2890
108 2895
111 2900
115 2906
119 2912
124 2917
128 2923
131 2928
135 2933
137 2939
141 2944
145 2949
147 2955
152 2962
155 2967
157 2972
160 2978
163 2983
165 2988
167 2993
170 2999
171 3004
173 3011
175 3016
177 3021
177 3027
179 3032
179 3037
180 3042
180 3048
180 3053
180 3060
180 3066
179 3071
179 3077
177 3082
176 3087
175 3092
174 3098
172 3103
171 3108
168 3115
166 3120
163 3125
161 3131
159 3137
156 3142
153 3147
151 3153
148 3158
144 3165
141 3170
137 3175
133 3181
131 3186
127 3191
123 3197
120 3202
116 3207
112 3214
107 3219
105 3224
101 3230
96 3235
92 3241
88 3247
85 3252
81 3258
77 3264
73 3270
69 3276
66 3281
63 3287
60 3292
57 3297
55 3302
52 3308
49 3314
46 3320
43 3327
42 3332
40 3337
38 3343
37 3348
36 3353
35 3359
34 3365
33 3371
33 3376
33 3381
33 3387
34 3392
35 3397
35 3403
36 3408
37 3413
39 3419
39 3425
41 3430
43 3436
45 3441
47 3447
49 3451
52 3457
53 3462
57 3469
59 3474
62 3480
65 3485
67 3491
71 3496
75 3501
77 3507
81 3511
85 3518
89 3523
91 3528
95 3534
100 3539
103 3544
107 3550
111 3555
115 3561
118 3566
124 3573
127 3579
131 3584
135 3589
138 3594
142 3600
146 3605
150 3611
152 3616
156 3622
159 3628
163 3633
165 3638
168 3643
171 3649
173 3654
175 3660
178 3665
180 3671
182 3677
184 3683
185 3688
187 3697
188 3703
188 3708
189 3714
189 3720
189 3726
189 3731
188 3737
187 3742
186 3747
185 3753
184 3758
182 3763
180 3769
178 3776
176 3781
175 3787
172 3792
169 3797
167 3803
165 3808
162 3813
159 3819
155 3825
152 3831
148 3837
146 3842
142 3847
138 3853
135 3858
131 3863
129 3869
123 3875
120 3880
116 3886
112 3891
109 3897
105 3901
101 3907
98 3912
94 3918
90 3924
86 3930
83 3935
79 3940
76 3946
72 3951
70 3957
67 3961
63 3967
61 3973
57 3979
55 3985
53 3990
51 3995
49 4001
47 4006
46 4011
45 4017
44 4022
43 4028
42 4033
41 4039
41 4044
41 4050
41 4055
42 4060
43 4066
43 4071
45 4077
46 4083
47 4088
49 4094
50 4099
51 4104
54 4110
56 4115
57 4120
60 4127
63 4132
65 4137
67 4142
71 4148
74 4153
76 4158
79 4163
83 4169
85 4174
91 4181
95 4187
97 4192
101 4197
104 4202
109 4208
113 4213
115 4219
120 4224
124 4230
129 4236
133 4241
137 4247
140 4252
144 4258
148 4263
151 4268
155 4274
159 4280
162 4286
166 4291
169 4297
171 4302
175 4307
178 4313
179 4318
182 4323
185 4330
187 4335
189 4341
191 4348
193 4353
193 4359
195 4364
196 4369
196 4374
197 4381
197 4387
197 4392
197 4398
196 4403
195 4408
195 4413
193 4419
193 4424
191 4431
189 4436
187 4441
185 4447
183 4452
181 4458
179 4463
177 4468
174 4474
171 4479
168 4486
165 4492
161 4497
157 4503
155 4508
151 4513
147 4519
145 4524
141 4530
135 4538
129 4545
125 4552
120 4560
114 4568
110 4575
105 4583
99 4590
94 4598
90 4604
85 4611
81 4618
77 4625
73 4634
69 4640
66 4646
63 4651
62 4657
59 4662
57 4667
56 4672
54 4678
53 4683
51 4690
50 4700
49 4705
49 4711
49 4716
49 4721
49 4727
50 4732
51 4738
52 4743
53 4749
54 4754
55 4760
57 4765
59 4770
61 4776
63 4781
65 4787
67 4792
69 4798
72 4804
75 4809
77 4814
81 4820
84 4825
87 4831
90 4837
93 4842
97 4848
101 4854
105 4860
108 4865
112 4870
117 4876
121 4881
124 4887
129 4893
132 4898
137 4904
141 4909
144 4915
148 4920
152 4925
156 4931
159 4937
164 4943
167 4948
170 4953
174 4959
176 4964
179 4970
183 4975
185 4981
187 4986
190 4992
193 4998
195 5003
196 5009
198 5014
200 5020
201 5027
202 5032
203 5037
203 5043
204 5049
204 5054
204 5060
203 5065
203 5071
202 5077
201 5083
200 5088
199 5094
197 5100
195 5106
193 5111
191 5117
189 5122
186 5127
184 5133
182 5138
179 5144
174 5152
170 5159
168 5164
164 5170
161 5176
157 5181
153 5187
149 5193
145 5199
142 5204
138 5210
134 5215
130 5221
127 5227
123 5233
117 5239
111 5248
107 5253
103 5260
99 5265
97 5270
93 5276
89 5281
87 5287
84 5292
81 5298
76 5306
73 5312
71 5317
68 5323
67 5328
65 5333
63 5339
61 5345
60 5351
59 5356
57 5365
57 5372
56 5378
56 5383
56 5388
57 5393
57 5400
58 5405
59 5411
61 5417
61 5422
63 5427
65 5433
67 5440
69 5447
71 5451
74 5457
76 5462
79 5468
81 5473
83 5478
87 5484
90 5490
93 5497
97 5502
101 5508
105 5513
109 5519
111 5524
115 5531
119 5537
123 5542
128 5548
132 5553
135 5559
139 5564
144 5569
148 5576
152 5581
155 5587
159 5592
163 5597
167 5603
171 5609
174 5614
177 5620
181 5625
183 5630
188 5637
190 5642
193 5647
197 5655
199 5661
201 5667
204 5673
210 5697
211 5705
212 5712
213 5718
213 5726
212 5732
212 5738
211 5744
210 5752
207 5759
206 5765
204 5771
202 5777
201 5783
198 5788
195 5794
193 5799
190 5806
187 5811
185 5817
182 5821
178 5827
175 5833
173 5838
169 5843
165 5849
161 5855
157 5861
154 5866
150 5872
146 5877
143 5882
139 5888
135 5893
132 5899
128 5905
124 5910
119 5916
115 5921
113 5927
109 5931
105 5937
103 5942
99 5947
95 5954
92 5959
90 5964
87 5970
84 5975
81 5981
79 5987
77 5991
75 5997
73 6003
70 6011
69 6016
68 6021
67 6027
66 6033
66 6038
65 6043
65 6049
65 6054
65 6061
66 6067
67 6073
68 6078
69 6084
71 6089
71 6094
73 6100
75 6105
77 6111
80 6117
81 6122
84 6127
87 6133
89 6139
91 6144
95 6150
98 6155
101 6162
105 6167
107 6172
111 6178
115 6183
119 6191
123 6197
127 6202
132 6208
137 6216
142 6221
145 6227
149 6232
153 6238
157 6243
162 6249
165 6254
170 6261
173 6267
177 6271
181 6277
183 6282
187 6287
191 6293
193 6299
197 6305
200 6312
203 6317
206 6323
209 6329
210 6334
212 6340
213 6345
215 6350
217 6356
218 6362
219 6367
220 6373
220 6378
221 6383
221 6389
221 6394
220 6400
219 6405
219 6412
217 6417
217 6422
215 6428
213 6433
211 6439
210 6444
208 6450
206 6455
204 6460
201 6467
199 6472
196 6477
194 6483
191 6488
187 6493
183 6499
181 6504
177 6510
173 6517
169 6523
166 6528
162 6533
159 6539
155 6544
151 6551
145 6558
139 6567
135 6571
131 6577
127 6583
124 6589
120 6594
117 6599
114 6604
110 6611
104 6621
99 6627
96 6634
92 6642
89 6649
86 6657
84 6663
80 6671
79 6679
77 6685
74 6697
73 6704
73 6710
73 6715
73 6722
73 6727
73 6732
74 6738
75 6743
76 6749
77 6754
79 6760
79 6765
82 6771
84 6777
85 6782
88 6787
91 6793
92 6798
95 6803
98 6809
100 6814
103 6821
107 6827
110 6832
114 6837
117 6842
121 6847
124 6853
127 6858
131 6863
135 6870
139 6875
144 6881
147 6886
151 6891
154 6897
158 6902
163 6907
167 6913
169 6918
174 6924
178 6930
182 6935
185 6940
189 6946
193 6952
196 6957
199 6962
202 6968
205 6974
208 6979
210 6985
213 6990
215 6995
218 7001
