0 16
0 22
0 27
0 32
0 38
0 43
0 48
0 55
1 60
1 66
2 71
2 76
3 81
4 86
4 92
5 97
6 102
7 109
8 114
9 119
11 125
12 130
14 135
15 140
17 146
19 151
22 158
24 164
26 169
28 174
30 179
33 185
36 190
38 195
42 200
45 207
48 212
50 217
54 223
58 228
60 234
64 238
68 244
71 249
75 254
79 261
83 266
86 271
90 277
94 282
99 288
102 293
106 298
109 304
114 309
118 315
122 320
125 325
130 330
134 336
137 342
141 347
145 353
150 359
154 365
158 370
162 376
164 381
168 387
172 392
174 397
178 403
181 408
184 414
188 421
191 427
194 432
196 438
198 443
201 448
202 454
204 459
207 465
208 470
210 476
212 483
213 488
214 494
215 498
216 504
216 509
217 515
218 521
218 526
218 531
218 537
217 542
217 547
217 552
216 558
216 565
215 570
214 575
213 581
212 586
211 591
210 597
208 602
207 607
205 614
204 619
202 624
202 629
200 634
198 640
196 645
194 650
192 656
191 661
188 668
186 674
184 679
182 684
180 689
177 694
174 700
172 705
169 710
166 717
163 722
161 727
158 732
154 738
152 743
148 748
146 754
142 759
138 765
135 771
131 776
127 782
124 791
118 797
113 802
109 808
106 814
101 820
98 825
94 830
90 836
88 841
84 847
79 852
77 857
73 862
69 869
65 875
61 880
59 885
55 890
52 896
49 901
46 907
42 912
39 918
36 924
34 929
30 934
28 939
26 945
23 950
21 955
19 960
16 966
14 972
13 977
12 983
10 989
8 995
7 1001
6 1006
6 1011
5 1016
4 1023
4 1028
4 1034
4 1038
4 1044
4 1049
4 1054
4 1060
5 1065
6 1071
6 1077
8 1082
8 1087
9 1093
11 1098
12 1104
13 1110
16 1117
18 1126
20 1134
23 1140
25 1148
28 1155
32 1163
34 1171
40 1180
44 1187
48 1194
51 1201
56 1208
61 1216
63 1222
68 1228
71 1233
75 1238
79 1244
82 1249
86 1254
89 1259
93 1264
98 1270
102 1276
105 1282
110 1287
114 1293
118 1298
122 1304
126 1309
131 1314
134 1319
140 1326
143 1331
148 1336
150 1343
156 1348
159 1354
164 1358
168 1364
172 1370
176 1376
179 1381
182 1387
186 1392
190 1398
192 1404
196 1408
200 1414
202 1420
206 1426
208 1431
211 1436
213 1442
216 1447
218 1452
220 1458
222 1463
224 1468
226 1474
228 1480
229 1486
230 1491
232 1497
233 1503
234 1508
234 1514
235 1521
235 1527
235 1532
235 1538
235 1544
234 1549
234 1554
234 1559
233 1564
232 1570
232 1575
231 1581
230 1587
228 1592
227 1598
226 1604
224 1608
223 1614
222 1619
220 1624
219 1630
217 1636
216 1641
214 1646
212 1652
210 1657
208 1662
205 1668
204 1673
201 1680
198 1685
196 1690
194 1695
190 1702
187 1708
184 1714
181 1719
178 1724
174 1730
171 1736
168 1741
165 1747
161 1753
158 1758
155 1763
151 1768
147 1774
144 1780
140 1785
129 1800
126 1805
122 1811
118 1817
114 1822
110 1827
101 1840
95 1851
87 1863
79 1872
71 1887
63 1900
56 1908
49 1920
44 1929
41 1934
38 1940
36 1945
33 1950
32 1955
29 1961
26 1971
22 1981
18 1990
16 2000
15 2006
14 2014
13 2019
12 2024
12 2030
12 2035
12 2041
12 2047
12 2053
13 2058
13 2064
14 2069
14 2075
16 2082
17 2088
18 2094
19 2099
21 2105
22 2111
24 2116
26 2122
28 2129
30 2135
32 2140
34 2145
36 2150
38 2156
40 2161
43 2166
45 2172
48 2177
51 2184
54 2188
57 2194
60 2199
63 2205
67 2210
70 2216
73 2221
77 2226
81 2233
85 2238
88 2244
92 2248
96 2254
98 2259
103 2264
108 2270
110 2275
115 2280
119 2287
122 2292
127 2297
132 2302
136 2308
141 2314
144 2319
148 2324
153 2330
157 2336
160 2342
166 2348
169 2353
173 2358
178 2364
180 2369
184 2374
188 2380
192 2386
195 2391
198 2397
202 2402
206 2408
209 2414
211 2419
214 2424
216 2429
220 2435
222 2441
225 2446
227 2451
229 2457
232 2462
233 2467
235 2473
236 2478
238 2484
239 2489
240 2495
241 2500
242 2505
243 2511
243 2518
244 2524
244 2530
244 2537
244 2542
243 2548
243 2555
242 2561
242 2567
240 2573
240 2578
239 2584
237 2590
236 2595
235 2600
234 2605
232 2610
231 2617
229 2622
228 2627
226 2633
225 2639
223 2644
222 2649
219 2655
217 2660
216 2665
213 2670
211 2676
209 2681
206 2688
204 2693
200 2698
198 2704
196 2709
192 2715
189 2720
187 2725
184 2730
180 2736
176 2742
172 2748
170 2753
166 2758
164 2763
160 2768
156 2774
153 2779
149 2785
142 2795
138 2801
134 2807
130 2814
124 2821
120 2827
116 2832
113 2837
107 2844
104 2849
100 2854
96 2860
94 2865
90 2870
87 2875
83 2881
79 2886
76 2893
72 2898
70 2904
66 2908
62 2914
60 2920
57 2925
54 2930
51 2936
49 2942
46 2947
44 2953
41 2958
40 2964
37 2969
35 2974
34 2979
32 2986
30 2992
28 2998
27 3004
26 3011
25 3016
25 3022
24 3028
24 3035
24 3040
24 3047
24 3052
24 3058
24 3063
25 3069
26 3075
26 3080
28 3087
29 3094
30 3099
32 3106
34 3112
35 3118
36 3124
39 3130
41 3137
43 3145
46 3150
48 3155
50 3161
53 3166
55 3171
58 3176
60 3182
64 3188
69 3197
74 3207
80 3214
83 3222
88 3229
94 3238
99 3245
104 3254
110 3261
116 3268
120 3276
126 3283
131 3288
135 3294
140 3300
143 3305
148 3310
150 3315
155 3320
160 3326
164 3332
167 3337
173 3344
177 3350
180 3355
184 3360
187 3365
191 3371
195 3376
198 3381
202 3387
206 3392
208 3397
213 3404
215 3409
218 3414
221 3420
224 3425
227 3430
230 3436
232 3442
235 3447
237 3454
240 3459
242 3464
243 3469
245 3475
247 3480
248 3485
249 3490
250 3496
252 3502
252 3507
253 3513
253 3518
254 3524
254 3529
254 3534
254 3541
253 3547
253 3553
252 3558
252 3564
251 3569
250 3574
249 3580
248 3585
247 3590
246 3595
245 3600
244 3607
242 3612
240 3618
239 3623
238 3628
236 3634
234 3640
232 3645
230 3650
228 3656
227 3661
224 3667
222 3672
220 3677
218 3683
215 3688
213 3694
210 3699
207 3705
204 3710
200 3716
198 3721
195 3726
192 3732
189 3737
185 3743
182 3748
179 3754
174 3760
171 3765
167 3770
165 3775
161 3780
157 3786
151 3795
147 3800
143 3807
138 3812
134 3818
132 3824
127 3828
123 3834
120 3839
115 3846
112 3851
108 3857
104 3862
100 3868
97 3873
93 3878
89 3884
86 3889
83 3894
80 3899
77 3905
74 3911
70 3916
68 3921
65 3927
62 3932
58 3938
57 3943
54 3948
52 3954
49 3960
48 3965
45 3970
44 3975
42 3980
40 3986
39 3991
38 3997
37 4002
36 4008
35 4014
34 4019
34 4024
33 4029
33 4034
33 4040
33 4045
33 4052
34 4059
34 4064
34 4070
36 4076
36 4082
37 4087
38 4093
40 4099
41 4104
43 4110
44 4116
46 4121
48 4127
50 4132
51 4137
53 4142
55 4148
58 4154
60 4160
62 4165
65 4170
68 4176
70 4181
73 4187
75 4192
78 4197
82 4202
86 4207
89 4214
92 4219
96 4224
98 4229
102 4235
106 4240
109 4245
113 4251
117 4256
122 4263
126 4268
129 4274
133 4279
138 4284
141 4289
146 4294
150 4300
153 4305
158 4310
162 4317
166 4322
170 4327
174 4333
178 4338
183 4344
186 4349
190 4355
194 4360
198 4367
202 4372
205 4377
209 4383
213 4388
217 4394
219 4399
223 4404
225 4409
230 4416
232 4421
235 4427
238 4432
240 4437
243 4442
246 4448
247 4453
250 4459
252 4465
254 4470
256 4476
257 4481
258 4487
259 4492
260 4497
261 4502
262 4507
262 4513
263 4519
263 4524
263 4529
263 4535
263 4540
263 4545
262 4550
262 4556
261 4563
260 4569
260 4575
258 4580
258 4585
256 4590
255 4596
254 4601
253 4606
251 4612
250 4618
248 4624
247 4628
245 4634
244 4639
242 4644
240 4650
238 4655
236 4661
234 4667
231 4673
228 4678
226 4684
224 4689
221 4694
219 4699
216 4705
213 4710
211 4715
208 4721
204 4727
200 4732
198 4737
194 4743
190 4748
188 4753
184 4758
180 4764
176 4770
172 4776
170 4781
166 4787
157 4799
153 4805
149 4810
145 4816
140 4822
136 4828
134 4833
130 4838
125 4844
121 4850
117 4857
113 4862
109 4868
104 4874
102 4879
98 4885
94 4890
92 4895
88 4900
85 4906
81 4913
78 4918
74 4924
72 4930
70 4935
67 4940
65 4945
62 4950
60 4956
58 4961
56 4967
53 4974
52 4979
50 4984
49 4989
47 4994
46 5000
46 5005
44 5010
44 5015
43 5021
43 5027
42 5032
42 5038
42 5043
42 5048
42 5054
43 5059
43 5064
44 5070
44 5077
46 5082
46 5087
47 5092
49 5098
50 5103
51 5108
53 5114
54 5119
56 5125
58 5130
59 5135
61 5141
64 5146
65 5151
68 5157
70 5162
72 5167
75 5172
78 5179
81 5185
84 5190
86 5195
90 5200
93 5206
96 5211
99 5217
102 5222
107 5228
110 5234
114 5238
118 5244
120 5249
125 5254
129 5260
132 5265
138 5272
144 5281
150 5288
154 5296
160 5304
166 5310
172 5318
176 5326
184 5334
188 5344
194 5349
198 5354
202 5360
206 5365
210 5370
212 5375
218 5383
221 5388
224 5393
228 5398
231 5404
234 5409
237 5414
240 5421
243 5427
247 5434
249 5439
252 5444
254 5450
256 5455
258 5460
260 5465
262 5470
264 5476
265 5482
266 5487
268 5492
269 5498
269 5504
270 5508
271 5514
271 5519
272 5524
272 5530
272 5536
272 5541
272 5546
271 5551
271 5557
270 5562
270 5568
269 5573
268 5578
267 5585
266 5590
264 5596
259 5617
258 5623
256 5628
254 5634
253 5639
251 5645
249 5650
247 5656
246 5661
243 5666
242 5672
239 5677
236 5684
234 5689
231 5695
228 5700
226 5705
223 5711
220 5716
217 5721
214 5727
210 5732
207 5738
203 5744
200 5749
197 5754
193 5760
190 5765
186 5770
184 5775
180 5780
176 5790
169 5797
165 5802
162 5807
158 5813
154 5818
151 5824
147 5829
142 5835
138 5840
134 5846
132 5851
127 5856
124 5862
120 5867
116 5872
112 5878
110 5883
105 5890
102 5895
99 5900
95 5906
93 5911
90 5917
86 5922
83 5928
80 5934
77 5940
74 5946
73 5951
70 5956
69 5961
66 5967
64 5972
62 5978
62 5983
60 5989
58 5994
57 6000
56 6005
55 6010
55 6015
54 6021
54 6026
54 6031
53 6038
54 6043
54 6048
54 6054
54 6059
55 6064
55 6069
56 6075
57 6080
58 6085
58 6091
60 6098
62 6103
63 6108
64 6114
66 6118
68 6124
69 6129
71 6134
73 6140
75 6146
77 6151
79 6157
82 6162
84 6167
86 6172
90 6178
92 6183
95 6188
98 6194
102 6200
105 6206
107 6211
111 6217
114 6222
118 6227
121 6233
125 6238
130 6244
132 6249
136 6255
141 6260
144 6265
148 6270
152 6276
155 6281
160 6286
164 6293
169 6298
173 6304
176 6309
181 6314
185 6320
188 6325
192 6330
197 6336
200 6343
206 6348
208 6354
212 6359
216 6364
220 6369
224 6375
228 6380
230 6385
234 6390
238 6397
241 6403
245 6408
248 6414
250 6419
254 6424
256 6429
259 6435
262 6442
265 6449
268 6454
270 6460
271 6465
273 6470
274 6475
276 6480
278 6486
279 6491
281 6498
282 6503
282 6508
283 6514
284 6519
284 6525
284 6530
284 6535
284 6540
284 6547
284 6552
283 6557
283 6562
282 6568
281 6574
280 6578
279 6584
278 6589
277 6594
276 6601
274 6607
273 6613
271 6618
270 6624
268 6629
266 6634
265 6639
263 6645
261 6651
259 6656
257 6661
255 6667
252 6672
250 6677
248 6682
245 6688
243 6693
240 6699
237 6705
234 6710
232 6715
228 6720
225 6726
222 6731
219 6736
216 6741
213 6747
209 6753
205 6758
201 6764
198 6769
194 6774
192 6779
188 6785
170 6811
162 6825
153 6834
145 6848
135 6860
130 6872
120 6884
114 6895
109 6901
105 6907
100 6915
97 6920
95 6925
92 6930
89 6936
84 6951
78 6960
75 6968
73 6974
72 6979
70 6985
69 6990
68 6995
66 7001
