0 16
0 22
0 27
0 32
1 39
1 45
1 50
2 55
2 61
3 66
4 72
5 77
7 83
9 89
10 95
12 100
14 105
16 111
18 116
21 122
23 127
27 134
31 142
35 147
38 153
41 158
45 163
55 177
69 197
73 203
77 208
81 214
86 219
89 225
94 230
99 235
103 242
108 247
113 253
116 258
121 264
125 269
129 275
132 280
136 286
142 292
144 297
148 303
151 308
154 314
157 319
160 326
164 333
166 338
169 345
171 351
173 356
174 362
175 367
177 373
177 378
178 384
179 389
179 395
179 401
179 406
178 412
177 417
176 423
175 428
174 434
173 439
170 447
168 453
166 458
164 464
161 469
159 475
157 480
153 485
150 491
147 497
143 503
140 508
137 514
133 519
129 525
125 530
121 535
117 541
113 548
108 554
104 559
99 565
96 571
92 576
87 582
83 587
79 593
75 599
71 605
67 610
63 616
59 622
56 627
54 632
50 637
47 643
43 650
41 655
38 661
36 666
33 672
31 677
29 683
28 688
26 694
24 702
23 707
22 712
22 718
21 725
21 730
21 736
22 744
23 751
24 756
25 763
27 769
29 776
31 782
34 788
36 794
39 801
41 806
45 812
48 817
51 823
54 828
57 835
64 843
70 851
74 857
79 863
81 868
86 873
91 879
94 884
99 889
103 895
108 902
113 907
117 913
120 918
125 924
129 929
134 935
137 940
141 945
145 952
149 958
153 963
157 968
159 974
163 979
167 985
169 991
171 996
175 1003
177 1008
179 1013
181 1019
183 1025
185 1030
186 1035
187 1041
188 1046
188 1053
189 1058
189 1065
189 1070
188 1075
187 1081
187 1086
186 1092
185 1098
182 1106
180 1114
178 1120
175 1125
172 1133
170 1138
167 1144
164 1149
161 1156
156 1163
150 1172
147 1178
143 1183
139 1189
137 1195
133 1200
127 1208
123 1215
117 1221
112 1226
107 1233
105 1238
100 1244
96 1249
91 1255
87 1261
83 1267
79 1273
76 1278
72 1284
68 1289
64 1295
62 1300
59 1305
55 1312
52 1317
49 1323
47 1328
45 1334
42 1339
40 1345
37 1353
36 1359
35 1365
33 1371
33 1376
32 1382
31 1387
31 1393
31 1398
31 1403
32 1410
33 1415
34 1421
35 1426
37 1432
38 1437
40 1443
42 1448
44 1453
47 1460
49 1466
53 1472
55 1477
59 1483
61 1488
65 1494
69 1499
73 1505
77 1512
81 1517
85 1523
88 1528
93 1533
97 1538
100 1544
105 1549
109 1555
113 1562
119 1568
127 1577
131 1585
139 1592
143 1600
149 1608
155 1616
161 1625
167 1632
171 1640
176 1648
180 1655
183 1663
186 1668
189 1675
191 1680
193 1685
195 1691
197 1697
198 1702
199 1707
200 1714
201 1721
201 1726
201 1732
201 1737
201 1743
200 1748
199 1753
198 1759
197 1765
195 1771
193 1777
191 1783
190 1788
188 1793
185 1799
182 1805
180 1810
177 1816
174 1822
171 1827
167 1833
165 1838
161 1843
157 1849
153 1855
149 1862
144 1868
140 1873
135 1879
131 1885
127 1891
123 1896
119 1902
115 1907
110 1913
106 1919
101 1925
99 1930
94 1936
90 1942
86 1947
83 1952
80 1957
76 1963
73 1969
69 1975
67 1981
64 1986
61 1992
58 1997
55 2003
54 2008
52 2014
50 2020
49 2026
47 2032
46 2037
45 2042
45 2047
44 2053
44 2058
44 2064
44 2070
45 2076
45 2082
47 2088
48 2094
49 2099
51 2105
53 2110
55 2116
58 2123
59 2128
63 2133
65 2139
67 2145
73 2153
76 2158
79 2163
86 2174
90 2179
95 2186
99 2191
103 2197
108 2202
113 2209
117 2215
120 2220
126 2227
131 2232
134 2238
139 2243
143 2249
147 2254
151 2259
156 2265
159 2271
165 2277
169 2283
173 2289
177 2295
179 2300
183 2306
187 2312
190 2317
193 2323
196 2329
198 2334
201 2339
203 2345
205 2351
207 2356
208 2362
210 2367
211 2374
212 2379
213 2385
213 2390
213 2396
213 2402
213 2407
212 2413
211 2418
211 2425
209 2430
208 2436
206 2442
204 2447
202 2452
201 2458
198 2463
195 2468
193 2475
189 2481
187 2486
184 2492
181 2498
177 2503
173 2508
171 2514
167 2519
162 2525
158 2532
154 2537
149 2543
147 2548
142 2553
138 2559
135 2565
130 2570
126 2575
121 2582
117 2587
113 2593
109 2599
104 2605
101 2610
97 2615
94 2621
91 2626
87 2633
84 2638
81 2644
77 2649
75 2655
73 2660
70 2666
67 2672
65 2677
63 2683
61 2689
61 2694
59 2700
58 2706
57 2712
57 2718
56 2725
56 2732
57 2737
57 2743
58 2748
59 2754
60 2759
62 2765
63 2770
65 2775
68 2782
69 2787
72 2793
75 2798
77 2804
80 2809
83 2815
86 2820
89 2826
95 2832
97 2838
101 2843
105 2848
109 2854
113 2859
117 2865
120 2870
125 2876
129 2882
134 2887
139 2893
143 2899
148 2905
151 2910
156 2916
161 2922
165 2927
170 2933
174 2939
179 2945
181 2950
185 2955
189 2961
192 2966
195 2972
199 2977
203 2984
206 2989
209 2995
211 3000
214 3007
217 3012
218 3018
220 3023
222 3028
223 3035
224 3041
225 3046
226 3052
226 3057
227 3063
226 3068
226 3074
225 3079
225 3086
223 3092
222 3097
221 3103
219 3108
217 3114
215 3119
213 3125
211 3130
208 3137
205 3143
203 3148
200 3153
197 3159
194 3165
185 3178
181 3184
177 3191
172 3197
167 3202
165 3207
161 3214
156 3219
151 3225
147 3232
143 3238
138 3243
134 3249
129 3255
127 3260
123 3266
118 3272
114 3277
110 3283
107 3292
101 3297
98 3302
96 3307
93 3314
89 3319
87 3325
85 3330
83 3336
79 3342
78 3348
76 3353
75 3358
73 3364
72 3369
71 3375
71 3381
70 3386
70 3393
70 3398
71 3404
71 3409
72 3415
73 3421
74 3426
76 3432
78 3437
80 3444
82 3449
85 3455
87 3461
89 3466
100 3488
106 3495
109 3500
113 3506
117 3512
121 3517
125 3523
128 3528
133 3534
137 3539
142 3545
147 3551
151 3557
156 3562
159 3567
164 3573
169 3578
171 3584
176 3589
181 3596
185 3602
190 3607
194 3613
197 3619
202 3625
205 3630
209 3635
212 3641
217 3649
221 3657
224 3664
228 3672
231 3679
234 3687
236 3696
239 3704
240 3712
241 3722
242 3727
242 3733
241 3738
241 3744
240 3751
239 3756
238 3762
237 3767
235 3773
234 3778
232 3783
230 3789
228 3795
224 3802
222 3808
219 3813
216 3818
213 3825
210 3830
207 3836
203 3842
199 3848
195 3853
191 3859
188 3865
184 3870
180 3875
175 3881
173 3886
168 3892
164 3898
159 3904
155 3909
151 3915
147 3920
143 3926
139 3932
135 3937
131 3943
128 3949
123 3955
121 3960
117 3966
114 3972
111 3977
107 3983
105 3988
103 3993
100 4000
98 4005
95 4011
94 4016
92 4023
91 4028
90 4034
89 4039
88 4045
87 4052
87 4057
87 4063
87 4068
88 4073
89 4079
89 4084
90 4089
92 4095
93 4102
95 4107
97 4113
99 4118
101 4123
104 4129
107 4135
109 4141
113 4146
116 4152
119 4158
123 4163
133 4178
137 4184
141 4189
146 4195
149 4200
158 4215
169 4228
180 4238
187 4247
196 4262
205 4275
215 4288
223 4297
227 4303
231 4310
235 4316
238 4322
241 4327
244 4333
249 4345
253 4358
257 4366
258 4372
259 4377
260 4383
261 4388
261 4394
261 4401
261 4406
261 4412
260 4417
259 4423
259 4428
257 4433
256 4439
254 4445
252 4452
250 4457
247 4463
246 4468
243 4474
240 4479
237 4485
235 4490
231 4495
227 4502
224 4508
221 4513
217 4519
214 4524
210 4529
205 4535
203 4542
197 4547
193 4553
188 4558
185 4564
181 4569
177 4575
173 4581
169 4586
165 4592
161 4597
157 4603
153 4609
150 4614
146 4619
143 4625
139 4631
135 4637
132 4643
129 4648
126 4655
125 4660
122 4666
119 4672
117 4677
115 4682
115 4687
113 4693
112 4699
111 4705
110 4711
109 4716
109 4723
109 4728
109 4733
110 4739
111 4744
112 4749
113 4757
115 4762
116 4768
118 4773
119 4778
122 4784
125 4789
127 4795
129 4800
133 4807
137 4812
140 4819
143 4825
147 4829
151 4835
153 4841
157 4846
163 4853
167 4859
172 4865
175 4871
180 4876
185 4882
189 4887
194 4893
199 4898
202 4906
210 4913
213 4918
218 4924
222 4929
227 4935
230 4940
234 4946
238 4952
243 4958
246 4964
250 4971
254 4976
257 4982
261 4987
264 4992
266 4998
269 5003
271 5010
273 5015
276 5021
277 5026
279 5032
280 5037
281 5043
282 5048
283 5055
283 5062
283 5067
283 5072
283 5078
282 5083
281 5088
280 5094
279 5099
277 5105
275 5112
273 5117
271 5123
269 5128
267 5133
264 5139
262 5145
259 5150
256 5156
251 5163
241 5179
236 5187
232 5193
229 5198
225 5204
221 5211
216 5216
212 5222
206 5229
201 5235
197 5241
191 5249
187 5255
181 5262
179 5268
175 5273
171 5279
168 5285
163 5292
157 5301
154 5306
151 5313
149 5318
146 5324
143 5329
141 5335
139 5340
137 5345
136 5351
135 5356
133 5363
132 5368
131 5374
130 5379
130 5385
130 5390
130 5395
130 5401
131 5406
131 5413
133 5418
134 5424
135 5429
137 5435
138 5440
141 5446
143 5452
145 5457
148 5462
151 5469
155 5475
157 5480
160 5486
164 5492
168 5497
172 5502
175 5507
179 5513
183 5519
187 5525
191 5530
195 5536
200 5541
203 5546
207 5552
212 5557
217 5563
222 5570
227 5575
231 5581
235 5586
239 5592
244 5597
248 5603
251 5608
255 5614
260 5620
264 5626
268 5632
272 5636
274 5642
278 5647
281 5653
284 5658
286 5664
290 5671
293 5676
294 5682
296 5687
298 5693
299 5698
301 5704
302 5709
304 5723
304 5731
304 5738
303 5745
302 5753
301 5760
299 5768
297 5778
294 5785
291 5792
288 5800
285 5808
281 5816
276 5824
272 5832
267 5839
263 5846
259 5852
255 5857
251 5862
248 5867
242 5875
239 5880
235 5886
231 5891
227 5897
222 5903
219 5908
215 5913
211 5919
206 5925
202 5931
199 5936
195 5942
191 5947
188 5953
184 5958
182 5964
178 5969
174 5977
171 5982
169 5987
167 5993
165 5998
163 6004
161 6009
159 6015
157 6020
155 6027
154 6033
154 6038
153 6043
153 6049
152 6055
152 6060
153 6065
153 6071
154 6078
155 6083
156 6089
158 6097
160 6103
161 6108
163 6113
166 6119
169 6127
172 6133
174 6138
177 6144
181 6149
185 6155
188 6161
195 6172
201 6178
205 6185
209 6191
214 6197
219 6202
221 6208
228 6215
233 6222
239 6228
242 6235
247 6240
253 6247
258 6253
264 6261
267 6267
273 6272
277 6279
282 6285
285 6290
289 6296
293 6302
296 6307
300 6312
303 6319
307 6325
309 6331
311 6336
314 6342
317 6347
319 6354
321 6362
323 6367
324 6372
325 6378
326 6385
327 6390
327 6396
327 6402
327 6407
326 6412
325 6417
324 6423
323 6430
321 6436
320 6441
318 6447
316 6452
315 6458
312 6464
309 6471
305 6477
301 6485
299 6490
296 6495
292 6502
288 6507
285 6513
281 6519
277 6525
273 6532
268 6537
264 6543
261 6548
257 6553
252 6559
248 6565
243 6571
239 6577
233 6585
231 6591
225 6597
221 6602
218 6608
215 6614
211 6621
206 6627
202 6633
199 6638
197 6644
194 6649
191 6655
189 6660
187 6666
185 6672
183 6677
181 6683
179 6689
177 6697
177 6703
176 6711
175 6716
175 6724
175 6729
176 6736
177 6742
177 6746
179 6752
179 6757
181 6763
183 6768
185 6774
187 6782
190 6788
193 6794
195 6799
200 6807
203 6813
205 6818
209 6823
213 6829
215 6835
223 6842
225 6848
230 6853
234 6859
239 6865
242 6870
247 6875
251 6881
254 6887
261 6893
265 6899
269 6905
273 6910
278 6915
283 6921
286 6926
291 6932
295 6938
299 6944
304 6949
308 6955
311 6960
315 6966
319 6972
322 6977
326 6983
328 6989
331 6995
334 7001
