0 15
0 21
0 26
0 31
1 37
1 43
1 48
1 54
1 59
1 65
1 70
1 76
2 81
2 87
2 92
2 98
3 103
3 109
4 114
4 120
5 126
6 131
7 137
7 142
8 148
9 153
10 159
11 164
12 170
14 175
15 182
17 189
20 198
22 205
24 212
27 219
29 227
32 236
35 243
39 251
42 260
45 265
48 271
50 276
53 282
56 287
59 292
62 299
64 304
68 310
71 315
74 320
76 326
80 331
84 337
86 342
90 349
93 354
97 360
101 366
105 371
108 377
112 382
116 387
120 392
123 398
127 404
131 410
136 415
140 420
143 426
148 432
154 439
157 444
163 451
168 457
171 462
176 467
180 473
184 478
188 483
193 489
196 494
201 500
206 506
211 511
216 517
219 522
224 527
229 533
234 539
237 544
242 550
247 556
252 561
257 567
260 572
266 577
270 583
274 588
279 593
284 599
288 605
293 611
296 617
302 621
306 627
311 632
314 638
319 643
324 649
329 655
334 661
337 667
342 672
346 677
349 682
354 688
358 693
362 698
372 711
376 718
381 723
385 728
388 734
394 741
399 749
405 758
410 765
414 771
417 776
420 782
424 787
428 792
430 798
434 803
438 809
441 815
445 821
448 828
451 833
454 839
458 845
460 850
464 857
465 862
468 867
471 873
472 878
475 883
478 889
480 894
481 900
484 907
486 912
488 918
490 923
491 928
492 934
494 939
496 945
497 951
498 957
500 963
500 968
501 973
502 979
504 991
504 996
505 1002
505 1008
506 1013
506 1019
506 1024
506 1030
506 1035
506 1041
506 1047
506 1052
505 1058
505 1063
504 1069
504 1074
504 1080
503 1086
502 1091
502 1097
501 1102
500 1107
500 1113
498 1119
498 1124
497 1130
496 1135
494 1140
494 1146
493 1151
492 1157
490 1163
489 1168
488 1174
486 1179
485 1185
483 1190
482 1196
481 1201
479 1207
477 1213
475 1218
474 1224
472 1229
470 1234
468 1240
466 1246
464 1252
460 1261
457 1267
456 1272
453 1278
450 1283
448 1288
446 1293
442 1299
440 1305
436 1311
433 1318
430 1323
427 1329
425 1334
421 1339
418 1345
416 1350
411 1357
408 1362
405 1368
400 1376
396 1381
392 1387
390 1392
386 1397
382 1403
379 1408
375 1414
371 1420
367 1425
362 1431
357 1440
353 1445
350 1450
346 1457
341 1462
336 1468
332 1473
328 1479
324 1484
320 1490
316 1496
311 1502
306 1507
303 1512
297 1519
294 1524
289 1529
284 1535
282 1540
277 1546
272 1552
266 1560
261 1567
256 1572
252 1577
247 1582
244 1588
239 1593
234 1599
231 1604
226 1610
222 1615
217 1621
212 1627
209 1632
204 1638
200 1643
197 1648
192 1653
188 1660
183 1665
179 1672
174 1677
170 1683
167 1688
162 1693
158 1699
152 1708
148 1714
142 1720
139 1726
135 1732
131 1737
128 1742
124 1748
120 1753
116 1758
114 1764
110 1770
106 1776
102 1781
98 1787
96 1792
93 1797
89 1803
88 1808
84 1813
81 1820
78 1826
74 1831
72 1837
70 1842
67 1847
64 1853
62 1858
60 1863
57 1869
54 1876
52 1881
50 1887
48 1892
46 1897
44 1902
43 1908
41 1913
39 1919
38 1925
36 1931
35 1936
34 1941
32 1947
31 1952
30 1958
30 1963
28 1969
28 1976
27 1981
26 1987
26 1992
26 1998
25 2003
25 2008
25 2014
25 2019
25 2026
25 2031
25 2037
25 2042
25 2048
26 2054
26 2060
26 2066
26 2071
27 2078
28 2083
28 2089
29 2094
30 2100
30 2105
32 2111
32 2116
33 2121
34 2128
35 2133
36 2138
37 2144
38 2149
40 2156
41 2161
42 2167
43 2172
45 2178
46 2184
48 2189
50 2194
51 2200
53 2206
54 2211
57 2217
58 2222
61 2228
62 2234
65 2239
67 2245
70 2251
72 2258
75 2265
78 2273
83 2282
87 2289
90 2297
94 2304
98 2311
102 2319
106 2327
113 2337
118 2346
122 2353
126 2360
130 2365
134 2370
136 2377
142 2383
144 2388
148 2394
153 2399
157 2404
160 2410
164 2416
168 2421
173 2427
177 2434
182 2440
186 2446
192 2453
197 2459
200 2464
204 2470
209 2475
214 2481
218 2487
222 2492
226 2498
231 2503
234 2508
239 2514
244 2519
247 2524
252 2530
258 2537
262 2542
266 2547
272 2553
275 2558
280 2563
284 2569
290 2577
296 2583
301 2589
304 2594
309 2600
314 2605
319 2611
322 2616
327 2622
332 2628
338 2637
343 2642
348 2648
352 2653
357 2658
360 2664
365 2669
368 2674
373 2680
379 2687
384 2693
386 2698
402 2718
406 2724
410 2732
420 2745
428 2755
436 2770
444 2782
452 2791
459 2803
465 2816
473 2828
476 2834
480 2839
482 2845
485 2850
488 2856
492 2868
498 2880
502 2888
504 2894
507 2900
509 2905
510 2910
512 2916
514 2921
516 2927
518 2933
519 2938
520 2944
522 2949
523 2955
524 2960
525 2966
526 2971
527 2977
528 2983
528 2988
529 2994
530 3000
530 3005
531 3011
531 3016
531 3021
531 3027
531 3033
531 3038
531 3044
531 3049
531 3055
530 3060
530 3066
530 3071
530 3077
529 3083
528 3088
528 3094
527 3100
526 3105
526 3111
525 3116
524 3122
523 3127
522 3134
521 3139
520 3145
519 3150
518 3156
516 3161
515 3167
514 3172
513 3178
512 3184
510 3190
508 3195
506 3201
505 3207
504 3212
502 3217
500 3223
498 3228
496 3234
494 3240
492 3246
489 3251
487 3257
484 3263
483 3268
480 3273
478 3279
475 3286
472 3291
470 3297
466 3303
464 3308
461 3313
458 3319
456 3324
452 3330
448 3337
444 3343
442 3348
439 3354
435 3360
432 3365
428 3371
425 3376
422 3382
418 3388
414 3393
410 3399
406 3405
402 3411
398 3417
395 3422
391 3427
386 3433
382 3439
380 3444
375 3450
371 3455
366 3461
364 3466
359 3471
354 3477
350 3482
346 3489
342 3494
338 3500
333 3506
329 3512
324 3517
320 3523
316 3528
312 3533
307 3540
302 3546
298 3551
293 3557
290 3562
285 3567
280 3572
277 3578
272 3583
267 3590
262 3595
258 3601
255 3606
250 3611
245 3617
242 3622
238 3628
233 3633
228 3640
224 3645
219 3650
216 3656
212 3662
207 3667
204 3672
200 3678
195 3683
190 3688
186 3695
183 3704
175 3711
172 3716
168 3722
163 3727
159 3733
156 3738
151 3744
148 3750
143 3757
139 3763
135 3770
131 3776
128 3782
124 3788
119 3796
114 3803
112 3808
108 3815
104 3821
101 3827
99 3832
96 3838
92 3847
89 3852
87 3857
84 3865
81 3871
78 3877
76 3883
74 3890
71 3896
69 3902
67 3907
65 3913
64 3918
62 3924
61 3929
59 3934
58 3940
56 3947
56 3952
54 3957
53 3963
52 3970
51 3977
50 3983
50 3988
50 3995
49 4001
48 4007
48 4013
48 4021
48 4027
48 4032
48 4038
48 4043
48 4050
48 4055
49 4060
49 4066
50 4071
50 4077
50 4082
51 4088
52 4093
52 4100
53 4105
54 4110
54 4116
56 4122
56 4128
58 4134
59 4141
60 4147
62 4153
63 4160
64 4166
66 4172
68 4178
69 4184
71 4190
72 4196
75 4203
77 4210
79 4215
81 4221
83 4227
85 4232
87 4238
89 4243
91 4249
94 4256
97 4261
100 4267
102 4272
104 4278
107 4283
110 4289
112 4294
116 4301
119 4306
122 4311
125 4317
129 4323
131 4328
134 4333
138 4339
143 4347
148 4357
153 4363
158 4372
165 4381
170 4389
176 4398
183 4408
189 4416
195 4424
201 4432
206 4439
211 4444
214 4450
220 4457
223 4462
228 4467
232 4472
236 4478
240 4483
245 4488
248 4494
253 4499
258 4506
263 4511
266 4517
271 4522
276 4527
280 4533
284 4538
288 4543
294 4550
300 4557
305 4563
310 4568
313 4574
318 4580
323 4586
328 4592
333 4597
338 4604
343 4611
348 4617
354 4622
358 4628
362 4634
368 4639
372 4644
376 4650
380 4657
385 4662
390 4667
394 4672
398 4678
402 4683
407 4689
410 4694
414 4703
423 4712
428 4717
432 4722
435 4728
439 4734
444 4740
448 4745
452 4750
455 4757
459 4762
463 4768
466 4773
469 4778
473 4783
477 4790
480 4795
484 4800
487 4807
491 4813
495 4819
497 4825
500 4830
504 4837
508 4843
510 4848
513 4853
516 4861
520 4869
522 4874
524 4879
527 4885
528 4890
531 4896
533 4901
536 4907
538 4912
539 4918
541 4923
542 4930
544 4936
546 4942
547 4947
548 4953
550 4959
551 4964
552 4970
552 4976
554 4982
554 4987
554 4992
555 4998
556 5004
556 5011
556 5018
556 5024
556 5030
556 5035
556 5042
556 5047
556 5052
556 5058
556 5064
555 5070
555 5075
554 5080
554 5086
554 5091
553 5097
552 5102
552 5107
550 5114
550 5119
548 5124
548 5130
547 5136
546 5141
544 5147
543 5152
542 5158
541 5164
540 5170
538 5175
537 5181
536 5186
534 5192
532 5197
530 5202
529 5208
527 5214
525 5220
523 5226
521 5231
520 5237
517 5242
515 5248
512 5253
510 5259
507 5266
504 5271
502 5277
500 5282
497 5288
494 5293
492 5298
489 5303
486 5309
483 5316
480 5321
476 5327
474 5332
470 5337
467 5343
465 5348
461 5354
458 5359
455 5365
450 5372
446 5378
442 5383
440 5388
436 5394
432 5399
428 5404
425 5410
421 5417
417 5422
412 5427
408 5433
406 5438
401 5443
397 5449
394 5454
390 5460
385 5465
381 5472
376 5477
372 5482
368 5488
364 5493
360 5498
356 5504
352 5509
347 5514
342 5521
338 5527
334 5532
330 5538
325 5543
322 5548
317 5554
312 5560
308 5565
303 5571
298 5577
295 5582
290 5588
286 5593
281 5599
278 5604
273 5609
268 5615
263 5621
258 5627
256 5632
251 5637
246 5643
237 5656
232 5661
228 5667
223 5673
220 5678
216 5683
211 5689
208 5694
204 5703
196 5709
192 5715
188 5722
184 5727
180 5732
177 5738
173 5743
169 5749
166 5754
162 5760
158 5765
154 5772
150 5777
146 5782
144 5788
140 5793
137 5799
134 5804
131 5810
128 5815
124 5821
121 5827
118 5832
116 5838
113 5843
110 5849
108 5854
104 5860
103 5866
100 5871
98 5878
94 5885
92 5891
90 5897
88 5902
87 5907
85 5913
84 5918
82 5924
80 5930
78 5936
77 5941
76 5947
75 5952
74 5957
72 5963
72 5969
71 5975
70 5981
69 5987
69 5992
68 5997
68 6002
68 6008
68 6013
68 6019
68 6024
68 6030
68 6036
68 6041
68 6047
68 6052
69 6057
69 6063
70 6068
70 6073
70 6080
71 6086
72 6091
72 6097
73 6102
74 6107
75 6113
76 6118
76 6123
78 6130
78 6136
80 6141
81 6147
82 6152
84 6157
85 6163
86 6168
88 6173
89 6180
90 6185
92 6191
94 6197
96 6204
98 6210
100 6216
102 6221
104 6227
106 6233
111 6247
114 6253
117 6259
119 6264
122 6271
126 6277
128 6284
132 6290
134 6297
138 6303
142 6309
145 6316
149 6322
154 6328
157 6335
161 6341
164 6347
168 6353
171 6358
174 6363
178 6370
182 6376
188 6382
192 6388
196 6395
200 6401
205 6407
209 6412
212 6418
218 6426
224 6434
230 6442
236 6449
242 6457
246 6464
253 6473
259 6480
267 6489
272 6497
278 6504
284 6511
290 6518
294 6523
299 6528
304 6535
309 6540
312 6546
318 6551
322 6557
326 6562
331 6567
336 6573
339 6578
344 6584
349 6590
354 6596
359 6601
364 6607
367 6612
372 6617
377 6622
380 6628
385 6633
390 6640
395 6645
400 6651
403 6656
408 6662
412 6667
417 6673
422 6679
425 6684
431 6691
434 6697
442 6706
446 6711
451 6717
455 6722
458 6728
462 6733
467 6740
471 6746
475 6751
478 6757
482 6762
486 6767
490 6773
493 6778
496 6784
502 6791
504 6797
508 6802
511 6807
515 6812
517 6818
520 6823
524 6828
526 6834
530 6840
532 6846
536 6851
538 6857
540 6862
543 6868
546 6873
548 6878
550 6884
554 6891
555 6897
558 6903
560 6909
562 6915
564 6920
566 6926
567 6931
569 6937
570 6943
572 6948
573 6953
574 6959
575 6964
576 6970
577 6976
578 6981
579 6987
580 6993
580 6999
580 7004
