0 0.011626005172729492
 
1 0.01869344711303711
 
1 0.026952505111694336
 
2 0.0334012508392334
 
2 0.04043126106262207
 
4 0.04748058319091797
 
5 0.054152727127075195
 
6 0.06144571304321289
 
8 0.06844663619995117
 
9 0.0767054557800293
 
11 0.0831594467163086
 
12 0.09010624885559082
 
15 0.09731101989746094
 
16 0.10376715660095215
 
18 0.11123228073120117
 
20 0.1180715560913086
 
23 0.12735843658447266
 
25 0.1338634490966797
 
27 0.1413278579711914
 
29 0.14811182022094727
 
30 0.1548614501953125
 
33 0.16204094886779785
 
35 0.1690371036529541
 
38 0.17748451232910156
 
40 0.18395090103149414
 
42 0.1912686824798584
 
44 0.19812536239624023
 
46 0.20493555068969727
 
48 0.21216249465942383
 
50 0.21915721893310547
 
53 0.2272651195526123
 
55 0.2340097427368164
 
57 0.24131464958190918
 
59 0.2481403350830078
 
61 0.2548794746398926
 
63 0.262117862701416
 
65 0.2691373825073242
 
68 0.2776038646697998
 
70 0.2840843200683594
 
72 0.29158711433410645
 
74 0.2987203598022461
 
76 0.30588293075561523
 
79 0.31685590744018555
 
81 0.3234872817993164
 
83 0.3316342830657959
 
85 0.33876943588256836
 
87 0.3464639186859131
 
90 0.35323047637939453
 
91 0.36010265350341797
 
93 0.36735010147094727
 
95 0.3738517761230469
 
97 0.3821237087249756
 
99 0.38915562629699707
 
101 0.3966038227081299
 
103 0.4033048152923584
 
105 0.41054868698120117
 
107 0.4175279140472412
 
108 0.4240152835845947
 
110 0.43245482444763184
 
112 0.4392130374908447
 
114 0.4468247890472412
 
116 0.4533708095550537
 
118 0.46050000190734863
 
120 0.46752214431762695
 
121 0.47417187690734863
 
123 0.48264312744140625
 
125 0.4895796775817871
 
126 0.49681997299194336
 
128 0.5032620429992676
 
130 0.5106537342071533
 
132 0.5176708698272705
 
133 0.5241663455963135
 
135 0.5329458713531494
 
137 0.5398426055908203
 
139 0.5471420288085938
 
140 0.5536775588989258
 
142 0.5608985424041748
 
144 0.5678110122680664
 
145 0.5746586322784424
 
146 0.5830593109130859
 
148 0.5901117324829102
 
150 0.5974130630493164
 
152 0.6039576530456543
 
154 0.6112935543060303
 
155 0.6180989742279053
 
156 0.6248717308044434
 
158 0.633183479309082
 
160 0.6401290893554688
 
162 0.6474356651306152
 
163 0.6541004180908203
 
164 0.6616356372833252
 
166 0.6687657833099365
 
168 0.6759557723999023
 
169 0.6835000514984131
 
170 0.6906533241271973
 
172 0.697700023651123
 
174 0.7041935920715332
 
175 0.7116448879241943
 
176 0.718822717666626
 
178 0.7259650230407715
 
180 0.7333958148956299
 
181 0.7405304908752441
 
183 0.7475991249084473
 
184 0.7540628910064697
 
186 0.7613470554351807
 
187 0.7681779861450195
 
188 0.7758843898773193
 
190 0.7826573848724365
 
191 0.7908980846405029
 
193 0.7978425025939941
 
194 0.8046669960021973
 
196 0.8117561340332031
 
197 0.818812370300293
 
198 0.8259880542755127
 
199 0.8329813480377197
 
201 0.8409836292266846
 
202 0.8478708267211914
 
204 0.8546862602233887
 
205 0.8618237972259521
 
206 0.8688886165618896
 
208 0.8760831356048584
 
209 0.8828380107879639
 
210 0.8908755779266357
 
212 0.8977792263031006
 
212 0.9045548439025879
 
214 0.9117364883422852
 
215 0.9187793731689453
 
216 0.9261922836303711
 
218 0.9329802989959717
 
219 0.9409198760986328
 
220 0.9479131698608398
 
222 0.9548661708831787
 
223 0.9620847702026367
 
224 0.9691247940063477
 
225 0.9766278266906738
 
226 0.9831416606903076
 
228 0.9910728931427002
 
229 0.997952938079834
 
230 1.0047492980957031
 
232 1.0121614933013916
 
232 1.0192241668701172
 
234 1.026686668395996
 
235 1.0331768989562988
 
236 1.0413639545440674
 
237 1.0485072135925293
 
238 1.0559113025665283
 
240 1.0625536441802979
 
241 1.0696182250976562
 
242 1.0769968032836914
 
243 1.0835299491882324
 
244 1.0916097164154053
 
245 1.0987675189971924
 
246 1.1059424877166748
 
248 1.1126210689544678
 
249 1.1204500198364258
 
250 1.127537488937378
 
251 1.1344568729400635
 
253 1.146780014038086
 
254 1.1534039974212646
 
255 1.1606638431549072
 
256 1.167635202407837
 
257 1.1745686531066895
 
258 1.1819932460784912
 
259 1.1889817714691162
 
260 1.1973457336425781
 
261 1.2038159370422363
 
262 1.211050271987915
 
263 1.2179160118103027
 
264 1.224717378616333
 
265 1.2317638397216797
 
266 1.2388787269592285
 
267 1.247030258178711
 
268 1.2536892890930176
 
269 1.2609107494354248
 
270 1.2678923606872559
 
271 1.2747466564178467
 
272 1.2819302082061768
 
273 1.2889893054962158
 
274 1.2971789836883545
 
275 1.3036558628082275
 
276 1.3110299110412598
 
278 1.3221306800842285
 
278 1.3291335105895996
 
279 1.3367483615875244
 
280 1.344193696975708
 
281 1.3515281677246094
 
282 1.3586342334747314
 
283 1.3654711246490479
 
284 1.372779369354248
 
285 1.3797082901000977
 
286 1.3869798183441162
 
286 1.3934876918792725
 
287 1.401578664779663
 
288 1.4087350368499756
 
289 1.4158823490142822
 
290 1.4225413799285889
 
290 1.4296691417694092
 
291 1.43699312210083
 
292 1.4436213970184326
 
293 1.45173978805542
 
294 1.4587771892547607
 
295 1.4659407138824463
 
296 1.4726669788360596
 
296 1.4796056747436523
 
297 1.486847162246704
 
298 1.493518590927124
 
299 1.5015721321105957
 
300 1.5086486339569092
 
300 1.515852451324463
 
301 1.5225486755371094
 
302 1.5294790267944336
 
302 1.5367348194122314
 
304 1.5431938171386719
 
304 1.5515241622924805
 
305 1.558650255203247
 
306 1.5654609203338623
 
306 1.5726873874664307
 
307 1.5796339511871338
 
308 1.5868773460388184
 
309 1.5933349132537842
 
310 1.6014430522918701
 
310 1.608515977859497
 
311 1.615894079208374
 
312 1.6225593090057373
 
312 1.6294381618499756
 
313 1.6367273330688477
 
314 1.6432037353515625
 
314 1.6512949466705322
 
315 1.658113718032837
 
316 1.6648569107055664
 
316 1.6725404262542725
 
317 1.6795196533203125
 
318 1.686798095703125
 
318 1.693223237991333
 
319 1.7015337944030762
 
320 1.708528995513916
 
320 1.7150523662567139
 
321 1.7224228382110596
 
322 1.7291843891143799
 
322 1.7368512153625488
 
323 1.7433233261108398
 
324 1.7513916492462158
 
324 1.7584691047668457
 
325 1.7650182247161865
 
326 1.772486686706543
 
326 1.7791969776153564
 
327 1.7867412567138672
 
328 1.793363094329834
 
328 1.80045485496521
 
329 1.8084845542907715
 
330 1.815464973449707
 
330 1.8224916458129883
 
331 1.8291900157928467
 
332 1.8368241786956787
 
332 1.8433010578155518
 
333 1.8505566120147705
 
334 1.8586256504058838
 
334 1.865433931350708
 
335 1.872483253479004
 
336 1.879209280014038
 
336 1.8866369724273682
 
336 1.8931410312652588
 
337 1.9000866413116455
 
338 1.9079945087432861
 
338 1.9148905277252197
 
339 1.922116994857788
 
340 1.9291434288024902
 
340 1.9366064071655273
 
340 1.9431252479553223
 
341 1.9500226974487305
 
342 1.9581217765808105
 
342 1.9654366970062256
 
343 1.9726414680480957
 
344 1.979536771774292
 
344 1.9868347644805908
 
345 1.9933080673217773
 
345 2.00014066696167
 
346 2.008124589920044
 
346 2.0148744583129883
 
347 2.022099733352661
 
347 2.0291061401367188
 
348 2.0367202758789062
 
348 2.0432214736938477
 
349 2.050107717514038
 
349 2.0580384731292725
 
350 2.064835786819458
 
350 2.07200026512146
 
351 2.079005479812622
 
351 2.0864200592041016
 
352 2.093188524246216
 
352 2.1001076698303223
 
353 2.1080641746520996
 
353 2.114875078201294
 
354 2.1231460571289062
 
354 2.1300718784332275
 
355 2.1373140811920166
 
355 2.1437742710113525
 
356 2.1512367725372314
 
356 2.1590664386749268
 
357 2.166484832763672
 
357 2.1730175018310547
 
358 2.1799323558807373
 
358 2.1872236728668213
 
358 2.193720817565918
 
359 2.200914144515991
 
360 2.2088968753814697
 
360 2.21614933013916
 
360 2.2229878902435303
 
361 2.2297818660736084
 
362 2.236931085586548
 
362 2.2433714866638184
 
362 2.2501447200775146
 
363 2.257354974746704
 
363 2.264770746231079
 
364 2.272031307220459
 
364 2.279020071029663
 
364 2.2860968112945557
 
365 2.2926790714263916
 
365 2.2997047901153564
 
365 2.306910276412964
 
366 2.318071126937866
 
366 2.324889898300171
 
366 2.3325068950653076
 
366 2.339564561843872
 
366 2.34674334526062
 
366 2.3533504009246826
 
366 2.361398220062256
 
366 2.368109941482544
 
366 2.3747732639312744
 
365 2.3819713592529297
 
365 2.38899564743042
 
365 2.39658260345459
 
364 2.4069929122924805
 
364 2.414576768875122
 
364 2.4216389656066895
 
363 2.4287772178649902
 
363 2.4359281063079834
 
362 2.442667245864868
 
362 2.449714422225952
 
362 2.4569756984710693
 
361 2.4645068645477295
 
361 2.4716403484344482
 
360 2.478651523590088
 
360 2.4858856201171875
 
359 2.492429733276367
 
359 2.499143362045288
 
358 2.5065510272979736
 
358 2.513944625854492
 
358 2.5211782455444336
 
357 2.527965784072876
 
357 2.53470778465271
 
356 2.541637659072876
 
356 2.54866361618042
 
356 2.554985761642456
 
355 2.5621182918548584
 
355 2.5700786113739014
 
355 2.577223777770996
 
355 2.583616256713867
 
354 2.5907187461853027
 
354 2.5976386070251465
 
354 2.604029655456543
 
354 2.6114401817321777
 
354 2.6194264888763428
 
354 2.626645565032959
 
354 2.6332225799560547
 
354 2.6400017738342285
 
355 2.647329568862915
 
355 2.6537938117980957
 
355 2.66103196144104
 
355 2.6690261363983154
 
356 2.6764121055603027
 
356 2.6829755306243896
 
356 2.6899967193603516
 
357 2.697265148162842
 
357 2.7037911415100098
 
358 2.7109789848327637
 
358 2.7188358306884766
 
358 2.7260100841522217
 
359 2.732836961746216
 
360 2.739947557449341
 
360 2.7471461296081543
 
360 2.7537143230438232
 
361 2.7607433795928955
 
361 2.7686476707458496
 
362 2.774974822998047
 
362 2.782050132751465
 
362 2.788994789123535
 
363 2.796060562133789
 
363 2.8026819229125977
 
364 2.8096110820770264
 
364 2.8175466060638428
 
364 2.8239707946777344
 
365 2.8312172889709473
 
365 2.8379688262939453
 
365 2.8446669578552246
 
365 2.8516032695770264
 
366 2.858534336090088
 
366 2.8654448986053467
 
366 2.8734962940216064
 
366 2.8805222511291504
 
366 2.8874917030334473
 
366 2.8938674926757812
 
366 2.9009664058685303
 
366 2.9077789783477783
 
365 2.9145917892456055
 
365 2.922980308532715
 
365 2.929994583129883
 
365 2.937298536300659
 
364 2.9437880516052246
 
364 2.9509854316711426
 
364 2.9578800201416016
 
363 2.964712381362915
 
363 2.972862482070923
 
362 2.979762077331543
 
362 2.986990451812744
 
362 2.993692398071289
 
361 3.0010430812835693
 
360 3.0079259872436523
 
360 3.0146381855010986
 
360 3.022876024246216
 
359 3.029676914215088
 
358 3.0368518829345703
 
358 3.0432238578796387
 
358 3.0501692295074463
 
357 3.0573551654815674
 
357 3.063706636428833
 
356 3.0718071460723877
 
356 3.0788159370422363
 
356 3.0858821868896484
 
356 3.09242844581604
 
355 3.0991244316101074
 
355 3.1065375804901123
 
355 3.113162040710449
 
355 3.1219582557678223
 
354 3.1288843154907227
 
354 3.1361517906188965
 
354 3.142827033996582
 
354 3.149596691131592
 
354 3.156724452972412
 
354 3.1631736755371094
 
354 3.1701607704162598
 
355 3.1780741214752197
 
355 3.1848390102386475
 
355 3.192046880722046
 
355 3.1990275382995605
 
356 3.206188678741455
 
356 3.212963819503784
 
356 3.219834089279175
 
357 3.2278099060058594
 
357 3.234790802001953
 
358 3.2419681549072266
 
358 3.2489492893218994
 
358 3.2561392784118652
 
359 3.263112783432007
 
359 3.269944667816162
 
360 3.27789568901062
 
360 3.2846009731292725
 
361 3.2918012142181396
 
361 3.2987325191497803
 
362 3.3058578968048096
 
363 3.328660011291504
 
364 3.3414971828460693
 
364 3.3573601245880127
 
365 3.3711700439453125
 
366 3.3889269828796387
 
366 3.4033684730529785
 
367 3.418961763381958
 
367 3.431351661682129
 
367 3.4491074085235596
 
367 3.463383674621582
 
367 3.4773483276367188
 
367 3.493434190750122
 
367 3.509714365005493
 
366 3.522148847579956
 
366 3.5401594638824463
 
366 3.553696870803833
 
366 3.5609326362609863
 
366 3.5678629875183105
 
365 3.5746655464172363
 
365 3.581742525100708
 
364 3.5888147354125977
 
364 3.6067497730255127
 
363 3.6181960105895996
 
362 3.6268444061279297
 
362 3.63332200050354
 
361 3.6401660442352295
 
361 3.6474647521972656
 
360 3.655460834503174
 
360 3.6621668338775635
 
360 3.6690514087677
 
359 3.676121711730957
 
358 3.6828079223632812
 
358 3.689558744430542
 
358 3.696719169616699
 
357 3.703171730041504
 
357 3.711376667022705
 
356 3.7181169986724854
 
356 3.724783182144165
 
356 3.7319014072418213
 
356 3.738835096359253
 
355 3.7458882331848145
 
355 3.752434015274048
 
355 3.7601490020751953
 
354 3.7673022747039795
 
354 3.77386212348938
 
354 3.7811834812164307
 
354 3.7879695892333984
 
354 3.794659376144409
 
354 3.8015825748443604
 
354 3.809549331665039
 
354 3.8167502880096436
 
354 3.823232650756836
 
355 3.8305141925811768
 
355 3.8375158309936523
 
355 3.844020128250122
 
356 3.8513057231903076
 
356 3.8592302799224854
 
356 3.866703748703003
 
356 3.873178720474243
 
357 3.8800742626190186
 
358 3.88734769821167
 
358 3.893969774246216
 
358 3.9013214111328125
 
359 3.9092299938201904
 
359 3.9168615341186523
 
360 3.9233250617980957
 
360 3.9301323890686035
 
360 3.9373092651367188
 
361 3.9436776638031006
 
362 3.950972080230713
 
362 3.9588935375213623
 
362 3.966029405593872
 
363 3.972633123397827
 
363 3.9794211387634277
 
364 3.986629009246826
 
364 3.9930760860443115
 
364 3.9998581409454346
 
364 4.007050514221191
 
365 4.014644145965576
 
365 4.021599054336548
 
365 4.028499126434326
 
366 4.034895181655884
 
366 4.042423963546753
 
366 4.049164772033691
 
366 4.056532382965088
 
366 4.063714981079102
 
366 4.0710368156433105
 
366 4.077872276306152
 
366 4.084608316421509
 
366 4.091651916503906
 
365 4.098757743835449
 
365 4.105973720550537
 
365 4.113512277603149
 
364 4.121581077575684
 
364 4.128692150115967
 
364 4.1361000537872314
 
363 4.142889499664307
 
363 4.149791955947876
 
362 4.157045125961304
 
362 4.164598226547241
 
362 4.172006368637085
 
361 4.178999900817871
 
360 4.186182498931885
 
360 4.193058967590332
 
360 4.19983434677124
 
359 4.206951379776001
 
359 4.214104175567627
 
358 4.221462249755859
 
358 4.228134632110596
 
358 4.234810829162598
 
357 4.241809368133545
 
357 4.248812198638916
 
356 4.256094694137573
 
356 4.263498544692993
 
356 4.270531415939331
 
355 4.2774553298950195
 
355 4.283833980560303
 
355 4.290921211242676
 
355 4.297733783721924
 
354 4.304612874984741
 
354 4.316998243331909
 
354 4.32352352142334
 
354 4.330727577209473
 
354 4.337599277496338
 
354 4.3444929122924805
 
354 4.354990482330322
 
355 4.367499113082886
 
355 4.374160051345825
 
355 4.381476640701294
 
355 4.3885016441345215
 
356 4.395025968551636
 
356 4.402174949645996
 
356 4.409142971038818
 
357 4.417288541793823
 
357 4.423751592636108
 
358 4.431271076202393
 
358 4.438059568405151
 
358 4.444888591766357
 
359 4.452084541320801
 
359 4.459096431732178
 
360 4.467108964920044
 
360 4.473541736602783
 
361 4.480556011199951
 
361 4.487445592880249
 
362 4.493959903717041
 
362 4.5011961460113525
 
362 4.50790548324585
 
363 4.514596700668335
 
363 4.522587537765503
 
364 4.529212713241577
 
364 4.5365660190582275
 
364 4.543024778366089
 
365 4.549983978271484
 
365 4.557203769683838
 
365 4.563806056976318
 
366 4.571996212005615
 
366 4.5788655281066895
 
366 4.58599328994751
 
366 4.592532157897949
 
366 4.599182605743408
 
366 4.606581211090088
 
366 4.613171100616455
 
366 4.621246337890625
 
366 4.628031253814697
 
365 4.634840726852417
 
365 4.6420276165008545
 
365 4.649062871932983
 
364 4.656469821929932
 
364 4.6630167961120605
 
364 4.671262264251709
 
364 4.678095102310181
 
363 4.684869766235352
 
363 4.692435264587402
 
362 4.6992199420928955
 
362 4.706727981567383
 
361 4.71320104598999
 
361 4.721287488937378
 
360 4.728020429611206
 
360 4.734861373901367
 
360 4.741961717605591
 
359 4.748850584030151
 
358 4.755938529968262
 
358 4.762556552886963
 
358 4.769176483154297
 
357 4.77731466293335
 
357 4.78371262550354
 
356 4.791008710861206
 
356 4.797770977020264
 
356 4.804161071777344
 
356 4.811419248580933
 
355 4.818136692047119
 
355 4.826770305633545
 
355 4.833195686340332
 
355 4.839974641799927
 
354 4.847234010696411
 
354 4.853786945343018
 
354 4.860891819000244
 
354 4.86779522895813
 
354 4.87598991394043
 
354 4.882526397705078
 
354 4.88918924331665
 
354 4.896599292755127
 
354 4.903139114379883
 
355 4.910186052322388
 
355 4.917445421218872
 
355 4.924889326095581
 
356 4.9321208000183105
 
356 4.939155101776123
 
356 4.946591854095459
 
357 4.9571373462677
 
357 4.963651895523071
 
358 4.971001386642456
 
358 4.9789369106292725
 
359 4.9861438274383545
 
359 4.992990493774414
 
360 4.999849796295166
 
