0 0.013264179229736328
 
0 0.020096778869628906
 
1 0.027944564819335938
 
2 0.035196542739868164
 
3 0.043164968490600586
 
5 0.049872398376464844
 
7 0.057367801666259766
 
10 0.06593060493469238
 
12 0.07345199584960938
 
14 0.0801846981048584
 
18 0.08781242370605469
 
20 0.09510588645935059
 
23 0.10297679901123047
 
26 0.1096806526184082
 
30 0.11816883087158203
 
34 0.12563776969909668
 
37 0.1331641674041748
 
40 0.13997197151184082
 
44 0.1475362777709961
 
46 0.1549210548400879
 
50 0.16279196739196777
 
54 0.17057013511657715
 
58 0.17807316780090332
 
61 0.185516357421875
 
64 0.19304180145263672
 
68 0.1997671127319336
 
71 0.2073659896850586
 
75 0.21587204933166504
 
79 0.22340750694274902
 
82 0.2300708293914795
 
85 0.2376391887664795
 
88 0.2450275421142578
 
91 0.25273704528808594
 
95 0.2594172954559326
 
98 0.2677741050720215
 
101 0.2750587463378906
 
104 0.2829875946044922
 
108 0.2898681163787842
 
111 0.2974262237548828
 
114 0.30472874641418457
 
117 0.31217312812805176
 
120 0.3198821544647217
 
124 0.3274807929992676
 
126 0.33487939834594727
 
129 0.34273600578308105
 
132 0.349440336227417
 
135 0.3569371700286865
 
138 0.36406564712524414
 
141 0.3729395866394043
 
144 0.37967848777770996
 
146 0.3872816562652588
 
149 0.39455509185791016
 
152 0.4024832248687744
 
155 0.40930867195129395
 
157 0.4176757335662842
 
160 0.42516279220581055
 
163 0.4328498840332031
 
166 0.4396038055419922
 
168 0.44730114936828613
 
170 0.45468831062316895
 
173 0.46251749992370605
 
176 0.4700791835784912
 
178 0.47885775566101074
 
181 0.4860076904296875
 
184 0.49355173110961914
 
186 0.5005650520324707
 
188 0.5080287456512451
 
191 0.5156171321868896
 
193 0.5238585472106934
 
195 0.5309271812438965
 
198 0.5385885238647461
 
200 0.5459654331207275
 
202 0.5534858703613281
 
204 0.5605418682098389
 
206 0.5679996013641357
 
208 0.5766940116882324
 
211 0.5839757919311523
 
212 0.5909826755523682
 
215 0.5985870361328125
 
217 0.6058108806610107
 
219 0.6133098602294922
 
221 0.621060848236084
 
223 0.6288704872131348
 
225 0.6361329555511475
 
227 0.6436288356781006
 
228 0.6505763530731201
 
231 0.6580111980438232
 
233 0.6652438640594482
 
236 0.6775901317596436
 
237 0.6849768161773682
 
239 0.6928019523620605
 
241 0.6999149322509766
 
243 0.7074170112609863
 
244 0.7147700786590576
 
246 0.7231333255767822
 
248 0.7299079895019531
 
250 0.7374300956726074
 
251 0.744743824005127
 
253 0.7522077560424805
 
255 0.7593514919281006
 
256 0.7666606903076172
 
258 0.7749452590942383
 
260 0.7826793193817139
 
262 0.7893335819244385
 
263 0.7966723442077637
 
264 0.8038451671600342
 
266 0.8110475540161133
 
267 0.8190267086029053
 
269 0.82735276222229
 
270 0.8345913887023926
 
272 0.8421728610992432
 
273 0.8491826057434082
 
275 0.8565418720245361
 
276 0.8637783527374268
 
278 0.8708176612854004
 
280 0.8795015811920166
 
280 0.8869483470916748
 
282 0.8941247463226318
 
283 0.9018921852111816
 
284 0.9088919162750244
 
286 0.9160013198852539
 
287 0.9235076904296875
 
288 0.9319274425506592
 
290 0.9391670227050781
 
291 0.9465186595916748
 
292 0.9537990093231201
 
293 0.960869312286377
 
294 0.9685075283050537
 
296 0.9766826629638672
 
297 0.9839003086090088
 
298 0.9909217357635498
 
299 0.9988243579864502
 
300 1.0059707164764404
 
302 1.0134973526000977
 
303 1.020153284072876
 
304 1.0289099216461182
 
305 1.036013126373291
 
306 1.0435304641723633
 
307 1.050236701965332
 
308 1.0581023693084717
 
309 1.0656275749206543
 
310 1.0731980800628662
 
311 1.0809438228607178
 
312 1.0887231826782227
 
314 1.0959017276763916
 
314 1.1034228801727295
 
315 1.1100449562072754
 
316 1.1177828311920166
 
317 1.125077486038208
 
318 1.1335949897766113
 
319 1.140563726425171
 
320 1.1480281352996826
 
321 1.1552674770355225
 
322 1.162970781326294
 
323 1.1696553230285645
 
324 1.1773076057434082
 
325 1.1855690479278564
 
326 1.1930789947509766
 
326 1.199922800064087
 
328 1.207406997680664
 
328 1.214735507965088
 
329 1.2221670150756836
 
330 1.2299363613128662
 
331 1.237858772277832
 
332 1.2451975345611572
 
332 1.2528729438781738
 
333 1.2595806121826172
 
334 1.2670190334320068
 
335 1.274139642715454
 
336 1.2829437255859375
 
336 1.2896740436553955
 
337 1.2973275184631348
 
338 1.3046729564666748
 
339 1.312133550643921
 
340 1.319180965423584
 
340 1.3267486095428467
 
341 1.334951639175415
 
342 1.3426377773284912
 
342 1.3493616580963135
 
343 1.3569936752319336
 
344 1.36409330368042
 
344 1.3719019889831543
 
345 1.3788998126983643
 
346 1.3870203495025635
 
346 1.3941521644592285
 
347 1.4014711380004883
 
348 1.4088551998138428
 
348 1.4161529541015625
 
349 1.4236433506011963
 
350 1.430570363998413
 
350 1.439026117324829
 
351 1.446136236190796
 
352 1.4536118507385254
 
352 1.4607434272766113
 
353 1.4681951999664307
 
353 1.4766907691955566
 
354 1.4850304126739502
 
354 1.4927070140838623
 
355 1.4994640350341797
 
356 1.5069282054901123
 
356 1.514063835144043
 
357 1.5210840702056885
 
357 1.5289013385772705
 
358 1.5374078750610352
 
358 1.5447256565093994
 
359 1.5521740913391113
 
360 1.559159278869629
 
360 1.5662121772766113
 
360 1.5735712051391602
 
361 1.5801548957824707
 
362 1.589036464691162
 
362 1.5961940288543701
 
362 1.6035830974578857
 
363 1.6101675033569336
 
363 1.6175763607025146
 
364 1.6248505115509033
 
364 1.6321609020233154
 
364 1.6398184299468994
 
364 1.6472063064575195
 
364 1.654179573059082
 
364 1.6620368957519531
 
364 1.6729891300201416
 
364 1.6798858642578125
 
364 1.6886653900146484
 
363 1.6960253715515137
 
363 1.7035939693450928
 
362 1.7105681896209717
 
362 1.7182130813598633
 
362 1.725762128829956
 
361 1.7332863807678223
 
361 1.7410249710083008
 
360 1.7485508918762207
 
360 1.7555780410766602
 
359 1.7629625797271729
 
359 1.7696006298065186
 
358 1.7772109508514404
 
358 1.784165859222412
 
358 1.7928473949432373
 
357 1.7995171546936035
 
356 1.8067667484283447
 
356 1.8138799667358398
 
356 1.8208434581756592
 
356 1.828160047531128
 
356 1.8356268405914307
 
356 1.8438656330108643
 
356 1.8509886264801025
 
356 1.8586275577545166
 
356 1.8658027648925781
 
356 1.8732800483703613
 
356 1.8799762725830078
 
357 1.88753080368042
 
357 1.8960380554199219
 
358 1.9035463333129883
 
358 1.91056227684021
 
358 1.9180328845977783
 
359 1.9252731800079346
 
360 1.9329705238342285
 
360 1.9405648708343506
 
360 1.9478764533996582
 
361 1.955010175704956
 
362 1.9628241062164307
 
362 1.9693942070007324
 
362 1.9768927097320557
 
363 1.9839043617248535
 
363 1.9925227165222168
 
364 1.9991915225982666
 
364 2.0061981678009033
 
364 2.0135810375213623
 
364 2.020648717880249
 
364 2.0279457569122314
 
364 2.03513240814209
 
364 2.043363094329834
 
364 2.0500800609588623
 
364 2.0576274394989014
 
364 2.064988851547241
 
364 2.072711944580078
 
363 2.07956862449646
 
363 2.0869903564453125
 
362 2.0950653553009033
 
362 2.102748155593872
 
362 2.10964035987854
 
361 2.1170175075531006
 
361 2.1241016387939453
 
360 2.130995035171509
 
360 2.1387274265289307
 
359 2.146975040435791
 
359 2.153977394104004
 
358 2.1609127521514893
 
358 2.168233871459961
 
358 2.1755528450012207
 
357 2.182917356491089
 
357 2.1895344257354736
 
356 2.1980602741241455
 
356 2.2052247524261475
 
356 2.2128329277038574
 
356 2.219411611557007
 
356 2.2267439365386963
 
356 2.233851432800293
 
356 2.2410244941711426
 
356 2.249512195587158
 
356 2.2570953369140625
 
357 2.2642037868499756
 
357 2.2719593048095703
 
358 2.2789382934570312
 
358 2.2860500812530518
 
358 2.293516159057617
 
359 2.3020522594451904
 
359 2.30907940864563
 
360 2.3162355422973633
 
360 2.323582887649536
 
361 2.3301515579223633
 
361 2.337578058242798
 
362 2.3448572158813477
 
362 2.353203296661377
 
362 2.3598241806030273
 
363 2.367448329925537
 
364 2.374579906463623
 
364 2.3821792602539062
 
364 2.389195442199707
 
364 2.396477699279785
 
364 2.4047389030456543
 
364 2.4120981693267822
 
364 2.4190337657928467
 
364 2.426198959350586
 
364 2.4336743354797363
 
364 2.44083571434021
 
364 2.4492928981781006
 
363 2.456692934036255
 
363 2.4638655185699463
 
362 2.470930337905884
 
362 2.479326009750366
 
361 2.489992141723633
 
361 2.4977779388427734
 
360 2.505967617034912
 
360 2.5133800506591797
 
359 2.5199334621429443
 
359 2.5273637771606445
 
358 2.5345656871795654
 
358 2.5420234203338623
 
358 2.5489087104797363
 
357 2.5572991371154785
 
356 2.564213991165161
 
356 2.571504592895508
 
356 2.5786538124084473
 
356 2.5857510566711426
 
356 2.593181848526001
 
356 2.6008975505828857
 
356 2.608212471008301
 
356 2.615847110748291
 
356 2.6233439445495605
 
356 2.63023042678833
 
356 2.6378021240234375
 
357 2.645090341567993
 
358 2.6534154415130615
 
358 2.660099744796753
 
359 2.6766116619110107
 
359 2.683842897415161
 
360 2.6910221576690674
 
360 2.6988766193389893
 
361 2.7159461975097656
 
362 2.7302072048187256
 
363 2.7466881275177
 
364 2.762885332107544
 
365 2.77671217918396
 
366 2.7949435710906982
 
366 2.809290647506714
 
366 2.8249850273132324
 
366 2.837656259536743
 
366 2.8561408519744873
 
366 2.8745508193969727
 
366 2.8889482021331787
 
365 2.90513277053833
 
364 2.918189525604248
 
363 2.9333369731903076
 
363 2.940075159072876
 
362 2.947633981704712
 
362 2.955000638961792
 
361 2.962642192840576
 
360 2.983987331390381
 
358 3.0092051029205322
 
357 3.0194225311279297
 
357 3.0269391536712646
 
356 3.0350918769836426
 
356 3.0426907539367676
 
356 3.0493216514587402
 
356 3.0565409660339355
 
355 3.0636649131774902
 
355 3.0707125663757324
 
355 3.078033208847046
 
355 3.0865373611450195
 
355 3.0937976837158203
 
355 3.1007802486419678
 
355 3.1082141399383545
 
355 3.115739107131958
 
356 3.123257637023926
 
356 3.13010311126709
 
356 3.138890266418457
 
356 3.1461963653564453
 
357 3.153663158416748
 
357 3.1606404781341553
 
358 3.168059825897217
 
358 3.1752750873565674
 
358 3.1835813522338867
 
359 3.190769910812378
 
360 3.1982223987579346
 
360 3.2055249214172363
 
360 3.2128679752349854
 
361 3.2194762229919434
 
362 3.2267720699310303
 
362 3.2349672317504883
 
362 3.2425220012664795
 
363 3.2493231296539307
 
363 3.256556510925293
 
364 3.263676643371582
 
364 3.2705206871032715
 
364 3.27811336517334
 
364 3.286198854446411
 
364 3.293583869934082
 
364 3.3001694679260254
 
364 3.3079586029052734
 
364 3.3152503967285156
 
364 3.322918653488159
 
364 3.3296632766723633
 
364 3.338115692138672
 
364 3.345529317855835
 
363 3.353046178817749
 
363 3.3597307205200195
 
362 3.367429256439209
 
362 3.374756336212158
 
362 3.3821892738342285
 
361 3.3899245262145996
 
360 3.3975045680999756
 
360 3.4046995639801025
 
360 3.412169933319092
 
359 3.4190731048583984
 
359 3.4265501499176025
 
358 3.433685779571533
 
358 3.4421234130859375
 
357 3.449032783508301
 
357 3.456040620803833
 
356 3.4634313583374023
 
356 3.4699642658233643
 
356 3.478487730026245
 
356 3.4857561588287354
 
356 3.493863821029663
 
356 3.5008089542388916
 
356 3.5081064701080322
 
356 3.5155303478240967
 
356 3.5230348110198975
 
356 3.529742956161499
 
357 3.5385854244232178
 
357 3.54599928855896
 
358 3.553481340408325
 
358 3.5601460933685303
 
358 3.5678110122680664
 
359 3.575077533721924
 
359 3.5827112197875977
 
360 3.590092420578003
 
360 3.5976414680480957
 
360 3.6048789024353027
 
361 3.6125597953796387
 
362 3.619194507598877
 
362 3.6262242794036865
 
362 3.633577823638916
 
363 3.6419286727905273
 
363 3.6488683223724365
 
364 3.6559324264526367
 
364 3.663343906402588
 
364 3.678109884262085
 
364 3.6852474212646484
 
364 3.6937673091888428
 
364 3.7009410858154297
 
364 3.708488941192627
 
364 3.715653896331787
 
364 3.7231671810150146
 
364 3.7300705909729004
 
363 3.7376463413238525
 
363 3.7458834648132324
 
362 3.753394603729248
 
362 3.760042905807495
 
362 3.767629623413086
 
361 3.7749691009521484
 
361 3.7826316356658936
 
360 3.7895023822784424
 
360 3.7980072498321533
 
359 3.8051509857177734
 
359 3.812751531600952
 
358 3.8193445205688477
 
358 3.8266069889068604
 
358 3.833726406097412
 
357 3.840569019317627
 
356 3.849203109741211
 
356 3.856513261795044
 
356 3.8636345863342285
 
356 3.8702151775360107
 
356 3.877619981765747
 
356 3.8848679065704346
 
356 3.8921563625335693
 
356 3.899920701980591
 
356 3.9075820446014404
 
356 3.9149997234344482
 
356 3.9227044582366943
 
357 3.9295620918273926
 
357 3.9370319843292236
 
358 3.945204734802246
 
358 3.952962875366211
 
358 3.9596471786499023
 
359 3.9673268795013428
 
360 3.9745919704437256
 
360 3.982042074203491
 
360 3.9889073371887207
 
361 3.9969286918640137
 
362 4.003957509994507
 
362 4.010861873626709
 
362 4.018157005310059
 
363 4.025667667388916
 
363 4.033130168914795
 
364 4.039706468582153
 
364 4.047957181930542
 
364 4.055191278457642
 
364 4.0629167556762695
 
364 4.069482088088989
 
364 4.076761722564697
 
364 4.083905220031738
 
364 4.091459035873413
 
364 4.099666595458984
 
364 4.107070207595825
 
364 4.11418604850769
 
363 4.1219236850738525
 
363 4.128947019577026
 
363 4.136035680770874
 
362 4.143572092056274
 
362 4.152211427688599
 
361 4.159218072891235
 
361 4.166587591171265
 
360 4.173839330673218
 
360 4.180755615234375
 
360 4.188228607177734
 
359 4.19548225402832
 
358 4.203619003295898
 
358 4.210700511932373
 
358 4.218045234680176
 
357 4.225217580795288
 
357 4.232877492904663
 
356 4.239523649215698
 
356 4.246763467788696
 
356 4.254955768585205
 
356 4.262503623962402
 
356 4.269309759140015
 
356 4.276520252227783
 
356 4.283658504486084
 
356 4.290684938430786
 
356 4.298072338104248
 
356 4.3065502643585205
 
357 4.313821792602539
 
357 4.320981502532959
 
358 4.328866481781006
 
358 4.335971832275391
 
358 4.34348201751709
 
359 4.351502895355225
 
360 4.358913421630859
 
360 4.365914821624756
 
360 4.3733155727386475
 
361 4.379906415939331
 
361 4.387439966201782
 
362 4.394594192504883
 
362 4.402911901473999
 
363 4.409492254257202
 
363 4.416764497756958
 
364 4.423847198486328
 
364 4.4307966232299805
 
364 4.438079595565796
 
364 4.44521164894104
 
364 4.453657388687134
 
364 4.460528612136841
 
364 4.467840671539307
 
364 4.475974082946777
 
364 4.483526229858398
 
364 4.490221261978149
 
363 4.497881650924683
 
363 4.506515264511108
 
362 4.513792991638184
 
362 4.52077317237854
 
362 4.528165817260742
 
361 4.5355918407440186
 
361 4.543063163757324
 
360 4.549781560897827
 
360 4.558222532272339
 
359 4.5656938552856445
 
359 4.573165416717529
 
358 4.5799720287323
 
358 4.587396860122681
 
358 4.594538927078247
 
357 4.6019439697265625
 
357 4.609590768814087
 
356 4.616905212402344
 
356 4.6239306926727295
 
356 4.630993843078613
 
356 4.638524055480957
 
356 4.6455605030059814
 
356 4.652924060821533
 
356 4.660197734832764
 
356 4.672194242477417
 
356 4.679327964782715
 
357 4.687014579772949
 
357 4.694108724594116
 
358 4.702141284942627
 
358 4.7099714279174805
 
358 4.717545747756958
 
359 4.7249040603637695
 
359 4.732572793960571
 
360 4.73921799659729
 
360 4.746678113937378
 
361 4.7537453174591064
 
361 4.762173414230347
 
362 4.76905083656311
 
362 4.77613639831543
 
363 4.783531904220581
 
363 4.790062189102173
 
364 4.797492980957031
 
364 4.8047332763671875
 
364 4.813263177871704
 
364 4.819870710372925
 
364 4.827272653579712
 
364 4.834205627441406
 
364 4.842052936553955
 
364 4.84906268119812
 
364 4.856166362762451
 
364 4.864729881286621
 
363 4.872572898864746
 
363 4.879302501678467
 
363 4.886666536331177
 
362 4.893902063369751
 
362 4.900904893875122
 
362 4.909257411956787
 
361 4.916740417480469
 
360 4.924007415771484
 
360 4.931025505065918
 
360 4.938485145568848
 
359 4.9455180168151855
 
359 4.952905654907227
 
358 4.9605138301849365
 
358 4.968081474304199
 
357 4.9752655029296875
 
357 4.982842922210693
 
356 4.989600419998169
 
356 4.996904611587524
 
356 5.003993034362793
 
