0 0.011429548263549805
 
0 0.018832921981811523
 
0 0.025730133056640625
 
1 0.03249216079711914
 
2 0.039565086364746094
 
3 0.04757356643676758
 
4 0.054784536361694336
 
6 0.061406612396240234
 
8 0.06856703758239746
 
9 0.0755608081817627
 
11 0.08249926567077637
 
13 0.08970212936401367
 
16 0.09769129753112793
 
17 0.10497474670410156
 
20 0.1114957332611084
 
22 0.11866617202758789
 
24 0.12570786476135254
 
26 0.1325817108154297
 
29 0.1399831771850586
 
31 0.1480391025543213
 
34 0.15531229972839355
 
36 0.16177725791931152
 
38 0.16913676261901855
 
41 0.17600202560424805
 
44 0.1845564842224121
 
46 0.1913013458251953
 
49 0.19968795776367188
 
51 0.2068033218383789
 
54 0.214003324508667
 
56 0.22080397605895996
 
58 0.2277219295501709
 
60 0.23501300811767578
 
63 0.2415158748626709
 
66 0.24959540367126465
 
68 0.25679898262023926
 
70 0.26442885398864746
 
72 0.2710578441619873
 
75 0.27799534797668457
 
78 0.2852809429168701
 
79 0.2917919158935547
 
82 0.30010128021240234
 
84 0.3071322441101074
 
86 0.3146548271179199
 
89 0.32131433486938477
 
91 0.328510046005249
 
93 0.3355269432067871
 
95 0.34200239181518555
 
98 0.3506147861480713
 
100 0.35753488540649414
 
102 0.36478638648986816
 
106 0.3788318634033203
 
108 0.38576579093933105
 
110 0.392744779586792
 
113 0.40131521224975586
 
115 0.4085237979888916
 
117 0.4155550003051758
 
119 0.42201709747314453
 
121 0.4294135570526123
 
123 0.43649816513061523
 
125 0.44413065910339355
 
127 0.4518706798553467
 
129 0.4592854976654053
 
131 0.4664459228515625
 
132 0.4733865261077881
 
135 0.4804370403289795
 
137 0.4871859550476074
 
138 0.4947242736816406
 
140 0.5021398067474365
 
143 0.5095546245574951
 
144 0.5167191028594971
 
146 0.5239124298095703
 
148 0.5307238101959229
 
150 0.537670373916626
 
151 0.5450179576873779
 
153 0.5526087284088135
 
155 0.5599837303161621
 
157 0.567061185836792
 
159 0.5745882987976074
 
161 0.5812959671020508
 
162 0.5884439945220947
 
164 0.595496416091919
 
166 0.6034233570098877
 
168 0.6106090545654297
 
170 0.6176977157592773
 
171 0.6250097751617432
 
173 0.6315467357635498
 
174 0.6388041973114014
 
176 0.6457545757293701
 
178 0.6539924144744873
 
180 0.6608319282531738
 
182 0.6677942276000977
 
183 0.6750962734222412
 
185 0.6818265914916992
 
186 0.6891717910766602
 
188 0.6960525512695312
 
189 0.7028436660766602
 
192 0.7112772464752197
 
193 0.718437910079956
 
194 0.7254984378814697
 
196 0.7320361137390137
 
198 0.739577054977417
 
199 0.7467341423034668
 
201 0.7539145946502686
 
202 0.7614467144012451
 
204 0.7686331272125244
 
205 0.775623083114624
 
207 0.7824573516845703
 
208 0.7895722389221191
 
210 0.7967371940612793
 
211 0.8041319847106934
 
213 0.8117311000823975
 
214 0.818986177444458
 
216 0.8259427547454834
 
217 0.8327689170837402
 
218 0.840449333190918
 
220 0.8474512100219727
 
221 0.854752779006958
 
223 0.8624346256256104
 
224 0.8695855140686035
 
226 0.8767898082733154
 
227 0.8840129375457764
 
228 0.8908052444458008
 
230 0.8977463245391846
 
231 0.9050469398498535
 
232 0.9124867916107178
 
234 0.9198813438415527
 
235 0.9269883632659912
 
236 0.9344785213470459
 
238 0.941063404083252
 
239 0.9479861259460449
 
240 0.955319881439209
 
241 0.9628746509552002
 
243 0.9704959392547607
 
244 0.9775972366333008
 
245 0.9849724769592285
 
246 0.9914834499359131
 
248 0.9986722469329834
 
249 1.005680799484253
 
250 1.0140101909637451
 
252 1.0208206176757812
 
253 1.0277824401855469
 
254 1.0351145267486572
 
255 1.0418627262115479
 
256 1.0492916107177734
 
258 1.0561444759368896
 
259 1.0647692680358887
 
260 1.0713038444519043
 
261 1.0784428119659424
 
262 1.0855045318603516
 
264 1.09202241897583
 
265 1.0995712280273438
 
266 1.106776475906372
 
267 1.1150453090667725
 
268 1.1215319633483887
 
269 1.1288042068481445
 
270 1.1357052326202393
 
271 1.1425590515136719
 
272 1.1496901512145996
 
273 1.1568117141723633
 
275 1.1651089191436768
 
276 1.1716396808624268
 
277 1.1798865795135498
 
278 1.1869757175445557
 
279 1.1944081783294678
 
280 1.2009778022766113
 
281 1.2078430652618408
 
282 1.215939998626709
 
283 1.2228763103485107
 
284 1.2304935455322266
 
285 1.2374022006988525
 
286 1.2446880340576172
 
287 1.2511579990386963
 
288 1.258044719696045
 
289 1.2660574913024902
 
290 1.272947072982788
 
291 1.2804970741271973
 
292 1.2874376773834229
 
293 1.2947444915771484
 
294 1.3012380599975586
 
294 1.3081374168395996
 
296 1.3161044120788574
 
296 1.3228724002838135
 
297 1.3301103115081787
 
298 1.33711838722229
 
299 1.344728946685791
 
300 1.3511760234832764
 
301 1.3585386276245117
 
302 1.3664836883544922
 
303 1.3776512145996094
 
304 1.3849964141845703
 
305 1.391660451889038
 
306 1.3992774486541748
 
306 1.4060695171356201
 
307 1.4128527641296387
 
308 1.421119213104248
 
309 1.4280362129211426
 
310 1.4352738857269287
 
311 1.4418127536773682
 
312 1.449037790298462
 
312 1.4559309482574463
 
313 1.4628279209136963
 
314 1.4712059497833252
 
315 1.4784095287322998
 
316 1.4854400157928467
 
316 1.4921228885650635
 
317 1.4994804859161377
 
318 1.5066280364990234
 
319 1.513824462890625
 
320 1.5215461254119873
 
320 1.528681993484497
 
321 1.5357232093811035
 
322 1.5425584316253662
 
322 1.5497002601623535
 
323 1.5568087100982666
 
324 1.5639755725860596
 
325 1.5714526176452637
 
325 1.5788569450378418
 
326 1.5858278274536133
 
327 1.592672348022461
 
328 1.5998539924621582
 
328 1.606903314590454
 
329 1.6143736839294434
 
330 1.6217811107635498
 
330 1.629021167755127
 
331 1.6358988285064697
 
332 1.6428260803222656
 
332 1.6500544548034668
 
333 1.657050371170044
 
334 1.6645028591156006
 
334 1.6719517707824707
 
335 1.6792657375335693
 
336 1.6860764026641846
 
336 1.6928386688232422
 
337 1.7004694938659668
 
338 1.7074790000915527
 
338 1.7147717475891113
 
339 1.7220373153686523
 
340 1.7294020652770996
 
340 1.73659348487854
 
341 1.7438085079193115
 
342 1.750800371170044
 
342 1.7578861713409424
 
343 1.765202522277832
 
344 1.7727470397949219
 
344 1.77996826171875
 
344 1.786985158920288
 
345 1.7945055961608887
 
346 1.801053524017334
 
346 1.8079535961151123
 
347 1.815262794494629
 
348 1.8229188919067383
 
348 1.8301117420196533
 
349 1.8371193408966064
 
349 1.8445992469787598
 
350 1.8511261940002441
 
350 1.858051061630249
 
351 1.8652772903442383
 
352 1.8728117942810059
 
352 1.8805146217346191
 
353 1.8874266147613525
 
353 1.8947200775146484
 
354 1.9011929035186768
 
354 1.9081456661224365
 
355 1.9154243469238281
 
355 1.9229164123535156
 
356 1.930103063583374
 
356 1.9371285438537598
 
357 1.9447591304779053
 
357 1.9512426853179932
 
358 1.958146572113037
 
358 1.9654803276062012
 
359 1.9719924926757812
 
359 1.9801313877105713
 
360 1.9870688915252686
 
360 1.9944531917572021
 
361 2.0010876655578613
 
361 2.0080416202545166
 
362 2.015249729156494
 
362 2.0216777324676514
 
363 2.029599189758301
 
363 2.036632776260376
 
363 2.043383836746216
 
364 2.0501251220703125
 
364 2.057070016860962
 
364 2.0646705627441406
 
364 2.0710787773132324
 
365 2.0789029598236084
 
365 2.085707902908325
 
365 2.092130422592163
 
365 2.099472999572754
 
365 2.1066572666168213
 
364 2.113879919052124
 
364 2.1208512783050537
 
364 2.128920078277588
 
364 2.1358392238616943
 
363 2.1428275108337402
 
363 2.150073766708374
 
363 2.157101631164551
 
362 2.164592981338501
 
362 2.1711206436157227
 
361 2.1805009841918945
 
361 2.1874866485595703
 
360 2.1947269439697266
 
360 2.201124429702759
 
359 2.2080423831939697
 
359 2.2152116298675537
 
358 2.221694231033325
 
358 2.229858875274658
 
358 2.2368052005767822
 
357 2.2441141605377197
 
357 2.2508950233459473
 
356 2.257740020751953
 
356 2.264904260635376
 
356 2.271442174911499
 
356 2.27947998046875
 
356 2.2866411209106445
 
356 2.2933638095855713
 
356 2.300473928451538
 
356 2.3073689937591553
 
356 2.314666748046875
 
356 2.321141481399536
 
356 2.3292455673217773
 
357 2.3360836505889893
 
357 2.3428313732147217
 
358 2.3500301837921143
 
358 2.357065200805664
 
358 2.3647570610046387
 
360 2.382092237472534
 
360 2.3895323276519775
 
360 2.396455764770508
 
361 2.4041037559509277
 
361 2.410975933074951
 
362 2.421541452407837
 
362 2.4286258220672607
 
363 2.4366233348846436
 
363 2.4429502487182617
 
364 2.4500746726989746
 
364 2.4570319652557373
 
364 2.464404582977295
 
364 2.4709019660949707
 
365 2.4779112339019775
 
365 2.485877752304077
 
365 2.492598295211792
 
365 2.499762535095215
 
365 2.5069541931152344
 
365 2.514371871948242
 
364 2.520967960357666
 
364 2.528024911880493
 
364 2.5360825061798096
 
364 2.543811321258545
 
364 2.5504982471466064
 
363 2.5575082302093506
 
363 2.5647764205932617
 
362 2.571268320083618
 
362 2.5781302452087402
 
361 2.586423873901367
 
361 2.593430280685425
 
360 2.6007206439971924
 
360 2.607563018798828
 
360 2.6147022247314453
 
359 2.621123790740967
 
358 2.6279537677764893
 
358 2.6358377933502197
 
358 2.6425750255584717
 
357 2.6495931148529053
 
357 2.656667947769165
 
356 2.6640310287475586
 
356 2.6707210540771484
 
356 2.6775460243225098
 
356 2.6853902339935303
 
356 2.6918082237243652
 
356 2.6989822387695312
 
356 2.7058603763580322
 
356 2.7125868797302246
 
356 2.719986915588379
 
356 2.7269954681396484
 
356 2.7351183891296387
 
357 2.7417027950286865
 
357 2.7489521503448486
 
358 2.75592041015625
 
358 2.7627553939819336
 
358 2.769986391067505
 
359 2.7769901752471924
 
359 2.784616708755493
 
360 2.7919602394104004
 
360 2.799186944961548
 
361 2.8059093952178955
 
361 2.8126227855682373
 
362 2.8195788860321045
 
362 2.826641321182251
 
362 2.833008050918579
 
363 2.8413848876953125
 
363 2.848464012145996
 
364 2.8554539680480957
 
364 2.8618695735931396
 
364 2.8690428733825684
 
364 2.8758881092071533
 
364 2.8826494216918945
 
364 2.890759229660034
 
364 2.897717237472534
 
364 2.9048964977264404
 
364 2.9114582538604736
 
364 2.9189159870147705
 
364 2.9258430004119873
 
364 2.932696580886841
 
363 2.9410898685455322
 
363 2.948035955429077
 
362 2.9552762508392334
 
362 2.961961507797241
 
362 2.969273328781128
 
361 2.976071357727051
 
361 2.9828262329101562
 
360 2.991107225418091
 
360 2.9979798793792725
 
359 3.0051918029785156
 
359 3.011613607406616
 
358 3.0189006328582764
 
358 3.0257625579833984
 
358 3.032543897628784
 
357 3.040802478790283
 
357 3.0478053092956543
 
356 3.0550572872161865
 
356 3.0615041255950928
 
356 3.0685439109802246
 
356 3.0754685401916504
 
356 3.0820555686950684
 
356 3.090458631515503
 
356 3.097175359725952
 
356 3.1045384407043457
 
356 3.111121654510498
 
356 3.1180496215820312
 
356 3.1253628730773926
 
356 3.131800413131714
 
357 3.139369249343872
 
357 3.147165298461914
 
358 3.1546669006347656
 
358 3.161125421524048
 
358 3.16855525970459
 
359 3.1755597591400146
 
360 3.183915615081787
 
360 3.19048810005188
 
361 3.1985576152801514
 
361 3.205491065979004
 
362 3.2118656635284424
 
362 3.2189948558807373
 
362 3.2258503437042236
 
363 3.2325758934020996
 
363 3.2395527362823486
 
364 3.2475745677948
 
364 3.254732847213745
 
364 3.2612979412078857
 
364 3.2680907249450684
 
364 3.2753002643585205
 
365 3.2817094326019287
 
365 3.288886547088623
 
365 3.2967283725738525
 
364 3.3039467334747314
 
364 3.310926914215088
 
364 3.3179593086242676
 
364 3.3253085613250732
 
364 3.331773281097412
 
363 3.33912992477417
 
363 3.347041368484497
 
362 3.3545477390289307
 
362 3.361097574234009
 
362 3.3680365085601807
 
361 3.383957624435425
 
360 3.3908402919769287
 
359 3.4075958728790283
 
358 3.4217610359191895
 
357 3.4380743503570557
 
356 3.4520790576934814
 
356 3.4659042358398438
 
355 3.480001926422119
 
354 3.4979708194732666
 
354 3.5120394229888916
 
354 3.5277717113494873
 
354 3.5419514179229736
 
354 3.555798292160034
 
354 3.5727388858795166
 
355 3.590860605239868
 
356 3.602976083755493
 
357 3.61924409866333
 
357 3.6277072429656982
 
358 3.6349904537200928
 
358 3.641488790512085
 
358 3.648646593093872
 
359 3.655649423599243
 
360 3.669710159301758
 
361 3.6857657432556152
 
362 3.6929726600646973
 
362 3.700486898422241
 
363 3.7071731090545654
 
363 3.714576482772827
 
364 3.721015691757202
 
364 3.7288973331451416
 
364 3.735724449157715
 
364 3.7426092624664307
 
365 3.749563217163086
 
365 3.756613254547119
 
365 3.7630016803741455
 
365 3.7701189517974854
 
365 3.7780799865722656
 
365 3.78536057472229
 
365 3.7918243408203125
 
365 3.799341917037964
 
364 3.8064451217651367
 
364 3.813397169113159
 
364 3.8204476833343506
 
364 3.8284997940063477
 
363 3.835514545440674
 
363 3.8420028686523438
 
362 3.849316358566284
 
362 3.856400728225708
 
362 3.8639116287231445
 
361 3.8706247806549072
 
360 3.8786463737487793
 
360 3.8855764865875244
 
360 3.891944646835327
 
359 3.8991546630859375
 
358 3.9058852195739746
 
358 3.9126439094543457
 
358 3.9199154376983643
 
357 3.927794933319092
 
357 3.9350249767303467
 
356 3.9414472579956055
 
356 3.948489189147949
 
356 3.955465793609619
 
356 3.962033987045288
 
356 3.9692893028259277
 
356 3.9770095348358154
 
356 3.984675168991089
 
356 3.9910664558410645
 
356 3.9978740215301514
 
356 4.005225896835327
 
356 4.01171612739563
 
356 4.018983602523804
 
356 4.0259950160980225
 
357 4.0346739292144775
 
357 4.041313171386719
 
358 4.048421382904053
 
358 4.055497407913208
 
358 4.062004566192627
 
359 4.0693323612213135
 
359 4.07639217376709
 
360 4.084692478179932
 
360 4.091198444366455
 
361 4.098373889923096
 
361 4.105316638946533
 
362 4.11175012588501
 
362 4.11887526512146
 
362 4.125688552856445
 
363 4.133889436721802
 
363 4.14044713973999
 
364 4.147121429443359
 
364 4.154510498046875
 
364 4.161121606826782
 
364 4.16790246963501
 
364 4.17509913444519
 
364 4.18402624130249
 
364 4.190638542175293
 
364 4.1975483894348145
 
364 4.204814195632935
 
364 4.211312770843506
 
364 4.218607664108276
 
363 4.2256247997283936
 
363 4.233997344970703
 
363 4.240816116333008
 
362 4.2477593421936035
 
362 4.255115509033203
 
361 4.2616355419158936
 
361 4.268878936767578
 
360 4.275822162628174
 
360 4.284516334533691
 
360 4.290928840637207
 
359 4.297727584838867
 
358 4.3048996925354
 
358 4.311294078826904
 
358 4.318136930465698
 
357 4.3253068923950195
 
357 4.332740545272827
 
356 4.340060710906982
 
356 4.347017049789429
 
356 4.354518175125122
 
356 4.360965013504028
 
356 4.367772817611694
 
356 4.378864765167236
 
356 4.386672735214233
 
356 4.3940205574035645
 
356 4.4011945724487305
 
356 4.408147573471069
 
356 4.4154157638549805
 
357 4.421865224838257
 
357 4.42924690246582
 
357 4.437077522277832
 
358 4.444508075714111
 
358 4.451049089431763
 
359 4.45839262008667
 
359 4.465485334396362
 
360 4.47197961807251
 
360 4.479361534118652
 
361 4.4871625900268555
 
361 4.494584798812866
 
362 4.501056432723999
 
362 4.507853746414185
 
362 4.515090227127075
 
363 4.52172589302063
 
363 4.528866291046143
 
364 4.536827802658081
 
364 4.543963193893433
 
364 4.550552606582642
 
364 4.5573694705963135
 
364 4.564557790756226
 
364 4.571043491363525
 
364 4.577979803085327
 
364 4.585205316543579
 
364 4.592818260192871
 
364 4.60006856918335
 
364 4.60710334777832
 
364 4.614738702774048
 
363 4.621200084686279
 
363 4.628436088562012
 
363 4.63547945022583
 
362 4.64380669593811
 
362 4.65047812461853
 
361 4.657512903213501
 
361 4.664770841598511
 
360 4.671312570571899
 
360 4.678449392318726
 
360 4.685461759567261
 
359 4.692893743515015
 
358 4.700419187545776
 
358 4.707117319107056
 
358 4.714540719985962
 
357 4.720982789993286
 
357 4.727778434753418
 
356 4.7350013256073
 
356 4.742635488510132
 
356 4.74958348274231
 
356 4.7566022872924805
 
356 4.763827562332153
 
356 4.770420551300049
 
356 4.7771360874176025
 
356 4.784546375274658
 
356 4.791829824447632
 
356 4.799159288406372
 
356 4.806019067764282
 
356 4.812821865081787
 
357 4.820427894592285
 
357 4.827185869216919
 
358 4.834692478179932
 
358 4.841930150985718
 
359 4.8492419719696045
 
359 4.856061935424805
 
360 4.862857818603516
 
360 4.87036919593811
 
360 4.877053737640381
 
361 4.884600877761841
 
362 4.891719818115234
 
362 4.898888826370239
 
362 4.905699253082275
 
363 4.912118911743164
 
363 4.919401407241821
 
364 4.92613410949707
 
364 4.932833194732666
 
364 4.94012188911438
 
364 4.948039770126343
 
364 4.955207824707031
 
364 4.961621999740601
 
364 4.968830108642578
 
364 4.9791481494903564
 
364 4.986034154891968
 
364 4.99460506439209
 
364 5.001328229904175
 
