0 0.011529684066772461
 
0 0.018973588943481445
 
1 0.026039838790893555
 
2 0.03458905220031738
 
4 0.041527748107910156
 
7 0.04891681671142578
 
10 0.05624127388000488
 
12 0.06369376182556152
 
16 0.07039546966552734
 
20 0.07865047454833984
 
24 0.08597826957702637
 
29 0.09379076957702637
 
34 0.10048317909240723
 
39 0.10814332962036133
 
43 0.11533260345458984
 
48 0.12284660339355469
 
54 0.13060355186462402
 
58 0.13808965682983398
 
64 0.14531445503234863
 
70 0.15293073654174805
 
74 0.15994644165039062
 
80 0.16727805137634277
 
86 0.17447972297668457
 
92 0.1829371452331543
 
98 0.19061851501464844
 
103 0.19810843467712402
 
109 0.20534420013427734
 
115 0.21297240257263184
 
120 0.2199540138244629
 
126 0.2272779941558838
 
132 0.23565411567687988
 
139 0.24344849586486816
 
145 0.2500908374786377
 
150 0.2573978900909424
 
156 0.264589786529541
 
161 0.27171874046325684
 
167 0.27930116653442383
 
174 0.28748345375061035
 
180 0.2946047782897949
 
185 0.3015861511230469
 
191 0.30896806716918945
 
198 0.3163793087005615
 
202 0.3237910270690918
 
209 0.33066368103027344
 
216 0.3389298915863037
 
222 0.3460509777069092
 
227 0.35365867614746094
 
233 0.360414981842041
 
238 0.36804723739624023
 
244 0.37524867057800293
 
254 0.38735151290893555
 
261 0.39450550079345703
 
266 0.40164637565612793
 
272 0.40938520431518555
 
278 0.41645097732543945
 
284 0.4238576889038086
 
290 0.4305891990661621
 
296 0.43886518478393555
 
302 0.4460113048553467
 
306 0.4537496566772461
 
312 0.46032214164733887
 
316 0.4675717353820801
 
322 0.47470664978027344
 
326 0.4816286563873291
 
332 0.490004301071167
 
336 0.4974517822265625
 
340 0.5045812129974365
 
343 0.5116448402404785
 
347 0.5189731121063232
 
351 0.5263121128082275
 
353 0.5337483882904053
 
356 0.5413696765899658
 
359 0.5486338138580322
 
361 0.5557193756103516
 
364 0.5633013248443604
 
366 0.5700757503509521
 
367 0.5772850513458252
 
368 0.5844419002532959
 
370 0.5927493572235107
 
370 0.599632740020752
 
371 0.6066222190856934
 
371 0.6139910221099854
 
371 0.6205625534057617
 
371 0.6281542778015137
 
371 0.6352801322937012
 
370 0.6437692642211914
 
370 0.650367259979248
 
369 0.6577036380767822
 
368 0.6647262573242188
 
368 0.6716876029968262
 
367 0.6792378425598145
 
366 0.6864469051361084
 
365 0.6946101188659668
 
364 0.7015304565429688
 
363 0.7088611125946045
 
362 0.7159996032714844
 
362 0.7235639095306396
 
361 0.7301666736602783
 
360 0.7374262809753418
 
360 0.7454991340637207
 
359 0.7528772354125977
 
358 0.7598390579223633
 
358 0.7667934894561768
 
357 0.7741580009460449
 
357 0.7807133197784424
 
357 0.7881464958190918
 
357 0.7963924407958984
 
358 0.8037776947021484
 
358 0.8105318546295166
 
358 0.8179781436920166
 
358 0.824899435043335
 
359 0.8317511081695557
 
360 0.8399357795715332
 
360 0.846928596496582
 
360 0.8541300296783447
 
361 0.8605735301971436
 
361 0.8680930137634277
 
362 0.875328779220581
 
362 0.8827147483825684
 
362 0.8904321193695068
 
362 0.8978879451751709
 
362 0.9049243927001953
 
362 0.9117734432220459
 
362 0.9193286895751953
 
361 0.9265093803405762
 
361 0.9339492321014404
 
360 0.9416050910949707
 
360 0.9488496780395508
 
360 0.955838680267334
 
359 0.9632573127746582
 
359 0.9699556827545166
 
358 0.9770097732543945
 
358 0.9843606948852539
 
358 0.9928216934204102
 
358 0.9997067451477051
 
359 1.0066754817962646
 
359 1.0140717029571533
 
359 1.0208237171173096
 
360 1.0281150341033936
 
360 1.0348711013793945
 
360 1.0433621406555176
 
361 1.0501317977905273
 
362 1.0573582649230957
 
362 1.0644655227661133
 
362 1.0713152885437012
 
362 1.0786669254302979
 
362 1.0858230590820312
 
362 1.0939912796020508
 
361 1.1006643772125244
 
361 1.1082687377929688
 
360 1.1153404712677002
 
360 1.1222329139709473
 
360 1.1289994716644287
 
359 1.1360249519348145
 
359 1.1435024738311768
 
358 1.1512811183929443
 
358 1.1583902835845947
 
358 1.165693759918213
 
358 1.173314094543457
 
358 1.1799602508544922
 
358 1.1881237030029297
 
358 1.196296215057373
 
359 1.2036314010620117
 
360 1.2144441604614258
 
360 1.2213871479034424
 
360 1.2288970947265625
 
361 1.2358572483062744
 
361 1.2435169219970703
 
362 1.2508680820465088
 
362 1.2582793235778809
 
362 1.2654986381530762
 
362 1.2727952003479004
 
362 1.2798762321472168
 
362 1.287003517150879
 
361 1.294419288635254
 
361 1.3028316497802734
 
360 1.3097350597381592
 
360 1.3166415691375732
 
360 1.3238942623138428
 
359 1.330355167388916
 
359 1.3375344276428223
 
358 1.3446311950683594
 
358 1.3534693717956543
 
358 1.3600172996520996
 
358 1.3672764301300049
 
358 1.3744196891784668
 
359 1.3852591514587402
 
359 1.392853021621704
 
360 1.4006810188293457
 
360 1.4083609580993652
 
360 1.4153470993041992
 
361 1.4218761920928955
 
361 1.4292964935302734
 
362 1.4363064765930176
 
362 1.4436757564544678
 
362 1.4513468742370605
 
362 1.4589126110076904
 
362 1.4659984111785889
 
362 1.4736921787261963
 
362 1.480318307876587
 
361 1.487551212310791
 
361 1.4946227073669434
 
360 1.5032970905303955
 
360 1.509873628616333
 
360 1.5167245864868164
 
359 1.5240440368652344
 
358 1.5308115482330322
 
358 1.53857421875
 
358 1.545703649520874
 
358 1.5539860725402832
 
358 1.560551643371582
 
359 1.5680427551269531
 
359 1.574953317642212
 
360 1.581800937652588
 
360 1.5893762111663818
 
360 1.5962703227996826
 
361 1.60428786277771
 
361 1.6107382774353027
 
362 1.6181328296661377
 
362 1.6252856254577637
 
362 1.632727861404419
 
362 1.6395952701568604
 
362 1.6467647552490234
 
362 1.6548233032226562
 
361 1.6617050170898438
 
361 1.6693737506866455
 
360 1.6765501499176025
 
360 1.6838500499725342
 
360 1.6903290748596191
 
359 1.6974358558654785
 
359 1.705453872680664
 
358 1.7129313945770264
 
358 1.719794511795044
 
358 1.726710557937622
 
358 1.7341187000274658
 
358 1.7406976222991943
 
358 1.7480590343475342
 
359 1.7560269832611084
 
359 1.7636287212371826
 
360 1.770364761352539
 
360 1.77748441696167
 
360 1.7844092845916748
 
360 1.7908499240875244
 
361 1.7983548641204834
 
362 1.8066248893737793
 
362 1.8139851093292236
 
362 1.820554256439209
 
362 1.8281240463256836
 
362 1.834965467453003
 
362 1.8418707847595215
 
361 1.8494086265563965
 
361 1.8574817180633545
 
360 1.8644378185272217
 
360 1.8708786964416504
 
360 1.8781592845916748
 
359 1.8849740028381348
 
359 1.892808198928833
 
358 1.8996713161468506
 
358 1.9075696468353271
 
358 1.9147348403930664
 
358 1.9216337203979492
 
359 1.929283857345581
 
359 1.9362411499023438
 
360 1.9436089992523193
 
360 1.950221300125122
 
360 1.9583230018615723
 
361 1.9653244018554688
 
361 1.9726741313934326
 
362 1.9794931411743164
 
362 1.986572504043579
 
362 1.993945598602295
 
362 2.000559091567993
 
362 2.009247064590454
 
362 2.0163116455078125
 
361 2.0236549377441406
 
361 2.0302412509918213
 
360 2.0374953746795654
 
360 2.04443621635437
 
360 2.050835132598877
 
359 2.059447765350342
 
359 2.0665788650512695
 
358 2.073958158493042
 
358 2.0805208683013916
 
358 2.0880019664764404
 
358 2.094897508621216
 
358 2.1017229557037354
 
358 2.1100826263427734
 
359 2.117278814315796
 
359 2.124424695968628
 
360 2.131453275680542
 
360 2.1385886669158936
 
360 2.145632743835449
 
361 2.1527483463287354
 
361 2.160127878189087
 
362 2.1673896312713623
 
362 2.1744892597198486
 
362 2.181420087814331
 
362 2.1898553371429443
 
362 2.1968040466308594
 
362 2.204163074493408
 
361 2.2117269039154053
 
361 2.219011068344116
 
360 2.226027011871338
 
360 2.2335619926452637
 
360 2.2400131225585938
 
359 2.2472941875457764
 
359 2.2543673515319824
 
358 2.2627670764923096
 
358 2.2696340084075928
 
358 2.2766165733337402
 
358 2.2840094566345215
 
358 2.2906322479248047
 
358 2.2981481552124023
 
359 2.305004119873047
 
359 2.3137588500976562
 
360 2.3204712867736816
 
360 2.327568292617798
 
360 2.334505558013916
 
361 2.340998888015747
 
361 2.348432779312134
 
362 2.3556816577911377
 
362 2.363833427429199
 
362 2.370602607727051
 
362 2.381589889526367
 
361 2.3890063762664795
 
361 2.39644455909729
 
360 2.4038352966308594
 
360 2.4105825424194336
 
360 2.4185805320739746
 
359 2.4256248474121094
 
358 2.436485528945923
 
358 2.4439475536346436
 
358 2.4507064819335938
 
358 2.458115339279175
 
359 2.4662938117980957
 
359 2.4737157821655273
 
359 2.480293035507202
 
360 2.4877703189849854
 
360 2.49463152885437
 
360 2.5014190673828125
 
361 2.5086159706115723
 
361 2.516737699508667
 
362 2.5240886211395264
 
362 2.530658483505249
 
362 2.5380377769470215
 
362 2.544949769973755
 
361 2.552717447280884
 
361 2.5596282482147217
 
360 2.567716360092163
 
360 2.5746610164642334
 
360 2.5816268920898438
 
359 2.5887744426727295
 
359 2.5957653522491455
 
358 2.6033546924591064
 
358 2.6102728843688965
 
358 2.6184020042419434
 
358 2.625688076019287
 
358 2.6332268714904785
 
359 2.639880895614624
 
359 2.6468923091888428
 
360 2.6542656421661377
 
360 2.660719156265259
 
360 2.6692867279052734
 
361 2.6760027408599854
 
361 2.683497905731201
 
362 2.6900837421417236
 
362 2.6973512172698975
 
362 2.704415798187256
 
362 2.7114975452423096
 
362 2.7198801040649414
 
362 2.727292776107788
 
361 2.734400510787964
 
361 2.740938186645508
 
360 2.748260736465454
 
360 2.755246162414551
 
360 2.761753797531128
 
359 2.7700235843658447
 
359 2.7769696712493896
 
358 2.784344434738159
 
358 2.7913239002227783
 
358 2.7984442710876465
 
358 2.8056843280792236
 
358 2.812962532043457
 
358 2.8204712867736816
 
358 2.8277647495269775
 
359 2.8347764015197754
 
359 2.8417539596557617
 
360 2.8493094444274902
 
360 2.8560171127319336
 
361 2.863527297973633
 
361 2.870755195617676
 
362 2.8781824111938477
 
362 2.88535737991333
 
362 2.8927371501922607
 
362 2.8996047973632812
 
362 2.9067294597625732
 
362 2.9141108989715576
 
361 2.9217140674591064
 
361 2.928999900817871
 
360 2.9362897872924805
 
360 2.9435665607452393
 
360 2.950075387954712
 
359 2.9569709300994873
 
358 2.9643752574920654
 
358 2.972973585128784
 
358 2.9798638820648193
 
358 2.986870288848877
 
358 2.9942221641540527
 
359 3.000791072845459
 
359 3.0082530975341797
 
360 3.0154545307159424
 
360 3.0236103534698486
 
360 3.0302233695983887
 
361 3.0373470783233643
 
361 3.0443551540374756
 
362 3.050915479660034
 
362 3.058373212814331
 
362 3.065622568130493
 
362 3.072876214981079
 
362 3.080442190170288
 
362 3.088022470474243
 
361 3.0949504375457764
 
361 3.1027579307556152
 
360 3.109630584716797
 
360 3.1165149211883545
 
360 3.1237785816192627
 
359 3.1312878131866455
 
359 3.13839054107666
 
358 3.1456902027130127
 
358 3.1533923149108887
 
358 3.159989356994629
 
358 3.167236566543579
 
358 3.1743290424346924
 
358 3.182781457901001
 
358 3.190347194671631
 
359 3.1975624561309814
 
359 3.204620122909546
 
360 3.211596727371216
 
360 3.2187559604644775
 
360 3.2267322540283203
 
361 3.2340617179870605
 
362 3.2406461238861084
 
362 3.248041868209839
 
362 3.2549822330474854
 
362 3.261812448501587
 
362 3.2695837020874023
 
361 3.2775659561157227
 
361 3.2847378253936768
 
361 3.2916247844696045
 
360 3.2988104820251465
 
360 3.3058114051818848
 
360 3.3129796981811523
 
359 3.3197667598724365
 
359 3.3279836177825928
 
358 3.3349804878234863
 
358 3.3418447971343994
 
358 3.349364995956421
 
358 3.3565940856933594
 
358 3.363982677459717
 
358 3.370560646057129
 
359 3.387796640396118
 
359 3.4033260345458984
 
360 3.419602632522583
 
361 3.4328534603118896
 
362 3.449608087539673
 
362 3.465700626373291
 
362 3.478300094604492
 
361 3.4966208934783936
 
360 3.5117430686950684
 
359 3.5277390480041504
 
358 3.545752763748169
 
357 3.560215950012207
 
357 3.5743582248687744
 
358 3.590662717819214
 
358 3.607309103012085
 
359 3.619377851486206
 
360 3.626401901245117
 
360 3.6336331367492676
 
361 3.64007306098938
 
361 3.6473042964935303
 
362 3.654465436935425
 
362 3.6832330226898193
 
361 3.703491449356079
 
361 3.7200725078582764
 
360 3.7344183921813965
 
359 3.745934009552002
 
358 3.7539923191070557
 
358 3.7606990337371826
 
358 3.769251823425293
 
358 3.7762999534606934
 
358 3.7836265563964844
 
358 3.790174961090088
 
358 3.797366142272949
 
359 3.8044731616973877
 
359 3.811310291290283
 
360 3.8197860717773438
 
360 3.8266806602478027
 
361 3.833946704864502
 
361 3.840444564819336
 
362 3.8478665351867676
 
362 3.8548717498779297
 
362 3.861776351928711
 
362 3.870087146759033
 
362 3.8774752616882324
 
362 3.8845927715301514
 
361 3.891509532928467
 
361 3.898766040802002
 
360 3.9058589935302734
 
360 3.9132916927337646
 
360 3.920586109161377
 
359 3.9278416633605957
 
359 3.9347267150878906
 
358 3.941756010055542
 
358 3.9490137100219727
 
358 3.9562442302703857
 
358 3.963574171066284
 
358 3.970940589904785
 
358 3.9783854484558105
 
358 3.985659122467041
 
359 3.99289870262146
 
359 3.9999308586120605
 
360 4.007336854934692
 
360 4.01434326171875
 
360 4.021831274032593
 
361 4.029007196426392
 
362 4.036293029785156
 
362 4.0436623096466064
 
362 4.050246715545654
 
362 4.05771017074585
 
362 4.064737558364868
 
361 4.073413848876953
 
361 4.080027341842651
 
361 4.087012767791748
 
360 4.09437894821167
 
360 4.100830793380737
 
360 4.10810661315918
 
359 4.114875793457031
 
358 4.123639345169067
 
358 4.130173921585083
 
358 4.137559652328491
 
358 4.1446099281311035
 
358 4.15154242515564
 
359 4.15880274772644
 
359 4.165846824645996
 
360 4.174097537994385
 
360 4.18074369430542
 
360 4.188871383666992
 
361 4.195870876312256
 
361 4.203312158584595
 
362 4.209960222244263
 
362 4.216974973678589
 
362 4.225321531295776
 
362 4.232738733291626
 
362 4.239797592163086
 
362 4.246735095977783
 
361 4.254076719284058
 
361 4.2606775760650635
 
360 4.268230676651001
 
360 4.27631950378418
 
360 4.28358006477356
 
359 4.290058374404907
 
359 4.297313451766968
 
358 4.304453134536743
 
358 4.311004877090454
 
358 4.318450450897217
 
358 4.326629638671875
 
358 4.334010124206543
 
358 4.3406243324279785
 
359 4.348054647445679
 
359 4.354935884475708
 
360 4.3627097606658936
 
360 4.369318962097168
 
360 4.376950263977051
 
361 4.390875339508057
 
362 4.398783206939697
 
362 4.405991077423096
 
362 4.413717269897461
 
362 4.420451641082764
 
362 4.428745746612549
 
362 4.435854911804199
 
361 4.443387031555176
 
361 4.450003147125244
 
361 4.457291603088379
 
360 4.464346885681152
 
360 4.4707887172698975
 
360 4.4793925285339355
 
359 4.486310958862305
 
358 4.493730068206787
 
358 4.500351190567017
 
358 4.507555246353149
 
358 4.514627695083618
 
358 4.5215489864349365
 
359 4.530058145523071
 
359 4.53747034072876
 
360 4.544504642486572
 
360 4.551270246505737
 
360 4.558265686035156
 
360 4.5652830600738525
 
361 4.5727012157440186
 
362 4.580363988876343
 
362 4.58772611618042
 
362 4.59471321105957
 
362 4.601735591888428
 
362 4.609316825866699
 
361 4.616399049758911
 
361 4.623734474182129
 
361 4.630971908569336
 
360 4.638326168060303
 
360 4.645334720611572
 
360 4.652236700057983
 
359 4.659810543060303
 
358 4.6667821407318115
 
358 4.674134016036987
 
358 4.681707143783569
 
358 4.6889684200286865
 
358 4.696047306060791
 
359 4.703599452972412
 
359 4.710170269012451
 
360 4.717427492141724
 
360 4.724435091018677
 
360 4.732271909713745
 
361 4.739290475845337
 
361 4.746034622192383
 
362 4.753602027893066
 
362 4.760171175003052
 
362 4.767346620559692
 
362 4.774434804916382
 
362 4.782919406890869
 
362 4.789968729019165
 
361 4.796954393386841
 
361 4.804335594177246
 
360 4.810914039611816
 
360 4.818262338638306
 
360 4.82531476020813
 
359 4.8335206508636475
 
359 4.8402299880981445
 
358 4.84745979309082
 
358 4.854488372802734
 
358 4.861339569091797
 
358 4.868462085723877
 
358 4.875700950622559
 
358 4.8829755783081055
 
358 4.890559911727905
 
359 4.898169994354248
 
359 4.905336856842041
 
360 4.912708759307861
 
360 4.919623613357544
 
360 4.92647910118103
 
361 4.933778762817383
 
361 4.941438913345337
 
362 4.94865083694458
 
362 4.955811977386475
 
362 4.9634904861450195
 
362 4.970046520233154
 
361 4.9772584438323975
 
361 4.9844443798065186
 
360 4.992830991744995
 
360 4.999600410461426
 
