0 0.01067352294921875
 
0 0.017425537109375
 
0 0.02400994300842285
 
0 0.030162572860717773
 
1 0.03651070594787598
 
2 0.0441744327545166
 
4 0.0500791072845459
 
6 0.05699467658996582
 
8 0.06388473510742188
 
10 0.07082414627075195
 
13 0.07769012451171875
 
17 0.08429861068725586
 
20 0.09148931503295898
 
24 0.0982053279876709
 
28 0.10472965240478516
 
32 0.11071062088012695
 
36 0.1174468994140625
 
40 0.12418127059936523
 
44 0.1302328109741211
 
49 0.13669872283935547
 
54 0.14439678192138672
 
58 0.15056276321411133
 
64 0.1581740379333496
 
69 0.16466665267944336
 
74 0.17066359519958496
 
78 0.17744207382202148
 
84 0.18421339988708496
 
89 0.19022297859191895
 
94 0.1979384422302246
 
100 0.20442771911621094
 
104 0.21057963371276855
 
110 0.2171034812927246
 
116 0.22403836250305176
 
119 0.23012852668762207
 
126 0.2366020679473877
 
132 0.2441728115081787
 
137 0.2502481937408447
 
142 0.2567732334136963
 
148 0.2646908760070801
 
153 0.2709376811981201
 
158 0.2778816223144531
 
164 0.28441715240478516
 
170 0.2905704975128174
 
174 0.2981269359588623
 
181 0.3046562671661377
 
186 0.3106672763824463
 
191 0.31833410263061523
 
199 0.3264474868774414
 
204 0.33312559127807617
 
209 0.33910679817199707
 
216 0.3466761112213135
 
220 0.3535747528076172
 
226 0.3596327304840088
 
232 0.36663198471069336
 
237 0.37352991104125977
 
244 0.3805251121520996
 
248 0.38744235038757324
 
255 0.3949246406555176
 
260 0.4010581970214844
 
265 0.4079287052154541
 
272 0.4144325256347656
 
276 0.4205763339996338
 
281 0.42712855339050293
 
288 0.4340400695800781
 
291 0.44002580642700195
 
298 0.44794344902038574
 
304 0.45445704460144043
 
309 0.4604172706604004
 
317 0.4715094566345215
 
322 0.478161096572876
 
328 0.4847910404205322
 
334 0.4908759593963623
 
340 0.4988548755645752
 
345 0.5055172443389893
 
350 0.512169361114502
 
356 0.5198061466217041
 
363 0.5270669460296631
 
370 0.5340485572814941
 
374 0.5400824546813965
 
380 0.5477972030639648
 
386 0.5544102191925049
 
391 0.5604236125946045
 
396 0.5689311027526855
 
402 0.5754952430725098
 
409 0.5835964679718018
 
414 0.5895688533782959
 
418 0.5960140228271484
 
424 0.6037516593933105
 
427 0.6097044944763184
 
430 0.616175651550293
 
434 0.622830867767334
 
436 0.6299846172332764
 
438 0.6364834308624268
 
440 0.6433806419372559
 
441 0.6501541137695312
 
441 0.6565952301025391
 
441 0.6635005474090576
 
440 0.6699512004852295
 
439 0.676642656326294
 
438 0.6835384368896484
 
436 0.6897456645965576
 
433 0.6962800025939941
 
430 0.7039890289306641
 
428 0.70998215675354
 
424 0.7165374755859375
 
421 0.7234146595001221
 
418 0.7291440963745117
 
414 0.7362287044525146
 
409 0.7429614067077637
 
406 0.7500882148742676
 
400 0.7566452026367188
 
396 0.7634868621826172
 
392 0.7695353031158447
 
387 0.7769269943237305
 
382 0.783862829208374
 
378 0.7898931503295898
 
372 0.796898603439331
 
367 0.8046350479125977
 
362 0.8108313083648682
 
358 0.8176994323730469
 
352 0.8243215084075928
 
348 0.8302991390228271
 
343 0.8368542194366455
 
338 0.8437798023223877
 
334 0.8498263359069824
 
328 0.8571069240570068
 
322 0.864065408706665
 
317 0.8702471256256104
 
312 0.8767812252044678
 
308 0.8837213516235352
 
303 0.889742374420166
 
297 0.8963038921356201
 
292 0.9039084911346436
 
288 0.9099366664886475
 
282 0.9164986610412598
 
276 0.9233922958374023
 
272 0.9296212196350098
 
268 0.9363198280334473
 
261 0.9429976940155029
 
256 0.9489603042602539
 
250 0.9564182758331299
 
246 0.9631190299987793
 
241 0.9690608978271484
 
236 0.9757516384124756
 
219 0.9977381229400635
 
212 1.0050811767578125
 
208 1.0116660594940186
 
201 1.0186727046966553
 
196 1.0250160694122314
 
192 1.031486988067627
 
186 1.0388805866241455
 
179 1.0469276905059814
 
174 1.0546064376831055
 
168 1.0606560707092285
 
163 1.067711353302002
 
156 1.074449062347412
 
152 1.0804493427276611
 
147 1.0870487689971924
 
140 1.0940210819244385
 
136 1.100954294204712
 
129 1.1090269088745117
 
124 1.1157069206237793
 
120 1.1221518516540527
 
113 1.1284849643707275
 
108 1.1349120140075684
 
102 1.1439640522003174
 
96 1.1521775722503662
 
88 1.161564588546753
 
79 1.1703007221221924
 
73 1.178769588470459
 
66 1.188096046447754
 
58 1.1979362964630127
 
52 1.2077500820159912
 
42 1.216615915298462
 
36 1.2249128818511963
 
28 1.2342348098754883
 
22 1.2429466247558594
 
14 1.2502803802490234
 
10 1.256798505783081
 
3 1.2644519805908203
 
-2 1.270400047302246
 
-6 1.2769088745117188
 
-11 1.2838778495788574
 
-18 1.290085792541504
 
-23 1.296579360961914
 
-27 1.3034608364105225
 
-34 1.3102223873138428
 
-39 1.316749095916748
 
-44 1.3236143589019775
 
-48 1.3298120498657227
 
-54 1.336355209350586
 
-60 1.3430209159851074
 
-64 1.3490986824035645
 
-69 1.3559415340423584
 
-76 1.3636391162872314
 
-80 1.3696436882019043
 
-85 1.376307725906372
 
-92 1.3829693794250488
 
-96 1.3888731002807617
 
-101 1.396183729171753
 
-108 1.4028396606445312
 
-112 1.4089431762695312
 
-118 1.4165267944335938
 
-123 1.423436164855957
 
-128 1.429135799407959
 
-133 1.4359636306762695
 
-138 1.4422588348388672
 
-144 1.4486031532287598
 
-149 1.4556005001068115
 
-156 1.4636318683624268
 
-160 1.4697532653808594
 
-165 1.4762396812438965
 
-170 1.4828972816467285
 
-174 1.4887967109680176
 
-178 1.4957404136657715
 
-182 1.5030465126037598
 
-185 1.5089619159698486
 
-188 1.5165705680847168
 
-189 1.5234296321868896
 
-190 1.529681921005249
 
-191 1.5361943244934082
 
-191 1.542870044708252
 
-191 1.548804521560669
 
-190 1.5550873279571533
 
-189 1.5628786087036133
 
-188 1.568840503692627
 
-186 1.5760204792022705
 
-184 1.582671880722046
 
-180 1.5888419151306152
 
-178 1.596099853515625
 
-174 1.602750301361084
 
-170 1.6099612712860107
 
-166 1.6181738376617432
 
-161 1.624662160873413
 
-157 1.632157802581787
 
-152 1.638451337814331
 
-148 1.6449058055877686
 
-144 1.6514530181884766
 
-140 1.658111572265625
 
-134 1.6655468940734863
 
-130 1.6716136932373047
 
-124 1.6782019138336182
 
-120 1.685070514678955
 
-115 1.6922154426574707
 
-108 1.7000586986541748
 
-103 1.7079429626464844
 
-96 1.716792106628418
 
-90 1.7237205505371094
 
-86 1.7297494411468506
 
-80 1.7366974353790283
 
-75 1.743619441986084
 
-70 1.7496528625488281
 
-65 1.7561211585998535
 
-57 1.7640602588653564
 
-52 1.771714448928833
 
-46 1.7784123420715332
 
-41 1.7848050594329834
 
-36 1.7915093898773193
 
-30 1.7991163730621338
 
-25 1.8059489727020264
 
-18 1.8131091594696045
 
-12 1.8201558589935303
 
-7 1.826775312423706
 
0 1.8340606689453125
 
3 1.8400123119354248
 
10 1.846628189086914
 
14 1.8538451194763184
 
20 1.8598747253417969
 
26 1.8671445846557617
 
32 1.8747615814208984
 
38 1.8807611465454102
 
42 1.8877604007720947
 
49 1.8943381309509277
 
54 1.9014465808868408
 
61 1.9084815979003906
 
66 1.9148943424224854
 
72 1.9228487014770508
 
78 1.92877197265625
 
82 1.9351005554199219
 
88 1.941499948501587
 
94 1.9483699798583984
 
101 1.95841646194458
 
108 1.9657037258148193
 
114 1.973888635635376
 
124 1.9864301681518555
 
131 1.993722915649414
 
138 2.000627279281616
 
142 2.0082099437713623
 
149 2.014751672744751
 
158 2.0247855186462402
 
163 2.0308101177215576
 
168 2.0376858711242676
 
174 2.044229507446289
 
180 2.050236225128174
 
184 2.056784152984619
 
190 2.063723564147949
 
196 2.070657253265381
 
201 2.0774621963500977
 
208 2.0841946601867676
 
213 2.0902388095855713
 
218 2.0967414379119873
 
224 2.1040380001068115
 
230 2.1102216243743896
 
234 2.116751194000244
 
241 2.124448299407959
 
246 2.130586862564087
 
251 2.1370835304260254
 
258 2.1440589427948
 
261 2.1500484943389893
 
268 2.156559467315674
 
272 2.1634554862976074
 
278 2.169497489929199
 
284 2.176771879196167
 
289 2.1837007999420166
 
294 2.189894914627075
 
300 2.196436643600464
 
306 2.2030365467071533
 
310 2.2089385986328125
 
315 2.215579032897949
 
320 2.2234151363372803
 
327 2.229145050048828
 
332 2.2361109256744385
 
338 2.2428271770477295
 
343 2.248969554901123
 
348 2.255664587020874
 
353 2.261707305908203
 
360 2.2684109210968018
 
365 2.2757155895233154
 
370 2.2821872234344482
 
376 2.2884552478790283
 
381 2.2948756217956543
 
390 2.305098056793213
 
401 2.3188517093658447
 
408 2.3264315128326416
 
413 2.3331098556518555
 
418 2.3390650749206543
 
423 2.3459694385528564
 
428 2.3527395725250244
 
434 2.358678102493286
 
440 2.365020275115967
 
446 2.373479127883911
 
453 2.3802826404571533
 
458 2.386854410171509
 
463 2.393751382827759
 
468 2.3997411727905273
 
474 2.406270980834961
 
483 2.4174106121063232
 
490 2.4240810871124268
 
496 2.4339115619659424
 
502 2.4399924278259277
 
508 2.44649338722229
 
513 2.453136920928955
 
518 2.459101438522339
 
523 2.4659485816955566
 
528 2.4722187519073486
 
535 2.4796712398529053
 
540 2.4863531589508057
 
546 2.4931118488311768
 
552 2.4995391368865967
 
556 2.5060184001922607
 
562 2.5126636028289795
 
568 2.5186445713043213
 
573 2.5249581336975098
 
580 2.532900094985962
 
585 2.538827896118164
 
590 2.545452117919922
 
595 2.551684617996216
 
602 2.55842661857605
 
606 2.564790964126587
 
612 2.5708093643188477
 
618 2.578871488571167
 
623 2.5854837894439697
 
628 2.59158992767334
 
635 2.598231077194214
 
640 2.6046528816223145
 
644 2.6107399463653564
 
650 2.6182334423065186
 
653 2.624772548675537
 
658 2.633683919906616
 
660 2.6397368907928467
 
663 2.6462759971618652
 
664 2.652947425842285
 
666 2.658842086791992
 
666 2.6654536724090576
 
666 2.6716833114624023
 
666 2.6784310340881348
 
666 2.6860437393188477
 
665 2.692281723022461
 
663 2.6986165046691895
 
662 2.7049334049224854
 
660 2.711099147796631
 
656 2.718431234359741
 
654 2.724810838699341
 
650 2.7329261302948
 
647 2.7388436794281006
 
644 2.7454628944396973
 
640 2.7515146732330322
 
636 2.758401393890381
 
632 2.7648117542266846
 
628 2.770814895629883
 
624 2.7776472568511963
 
619 2.785055160522461
 
615 2.7916159629821777
 
610 2.7982046604156494
 
606 2.804752826690674
 
601 2.8107287883758545
 
597 2.817620277404785
 
591 2.8246591091156006
 
586 2.8317036628723145
 
581 2.8384530544281006
 
576 2.844893217086792
 
570 2.8534412384033203
 
566 2.859433889389038
 
561 2.8659651279449463
 
556 2.8727166652679443
 
550 2.8786754608154297
 
546 2.886397123336792
 
540 2.893066167831421
 
534 2.8990108966827393
 
530 2.90567946434021
 
525 2.9126908779144287
 
519 2.918661117553711
 
514 2.924990177154541
 
510 2.9313864707946777
 
503 2.9400644302368164
 
497 2.946624994277954
 
492 2.95350980758667
 
487 2.9595248699188232
 
482 2.966183662414551
 
476 2.9728758335113525
 
462 2.9905953407287598
 
450 3.0042927265167236
 
437 3.020205020904541
 
428 3.036299228668213
 
418 3.0481059551239014
 
405 3.063600540161133
 
392 3.0769453048706055
 
382 3.0888278484344482
 
377 3.095482110977173
 
372 3.103012800216675
 
366 3.10895037651062
 
361 3.115562915802002
 
356 3.1216118335723877
 
342 3.139028549194336
 
331 3.153749465942383
 
321 3.1662654876708984
 
314 3.173783540725708
 
310 3.1798057556152344
 
304 3.187070608139038
 
297 3.19403338432312
 
294 3.200023889541626
 
288 3.2065200805664062
 
283 3.213386058807373
 
276 3.220418930053711
 
270 3.2297816276550293
 
262 3.239797353744507
 
256 3.248091697692871
 
249 3.256513833999634
 
241 3.264824867248535
 
235 3.2738842964172363
 
228 3.2810699939727783
 
220 3.29106068611145
 
214 3.3002395629882812
 
206 3.3086774349212646
 
200 3.3169479370117188
 
194 3.324185609817505
 
188 3.330145835876465
 
182 3.338238477706909
 
178 3.344750165939331
 
172 3.35095477104187
 
168 3.357876777648926
 
161 3.3644258975982666
 
156 3.3704042434692383
 
152 3.3769233226776123
 
147 3.383875608444214
 
140 3.3906633853912354
 
135 3.3974609375
 
129 3.4041810035705566
 
124 3.41035532951355
 
119 3.416853427886963
 
114 3.4238650798797607
 
108 3.430079221725464
 
103 3.4382386207580566
 
96 3.4447546005249023
 
92 3.450723886489868
 
86 3.457458257675171
 
80 3.4641616344451904
 
75 3.470280647277832
 
70 3.476790189743042
 
66 3.4837069511413574
 
59 3.490443706512451
 
54 3.4970459938049316
 
48 3.5040173530578613
 
43 3.510071039199829
 
38 3.516575336456299
 
33 3.5234193801879883
 
28 3.5296614170074463
 
23 3.536153554916382
 
17 3.5438835620880127
 
12 3.5498971939086914
 
6 3.5565943717956543
 
0 3.5631370544433594
 
-4 3.569092035293579
 
-9 3.575751304626465
 
-14 3.582212209701538
 
-20 3.5887675285339355
 
-27 3.596428155899048
 
-32 3.6031060218811035
 
-36 3.609086275100708
 
-41 3.6157631874084473
 
-46 3.62227725982666
 
-52 3.629603862762451
 
-57 3.6360976696014404
 
-66 3.6442322731018066
 
-70 3.6504127979278564
 
-75 3.6569581031799316
 
-80 3.6639552116394043
 
-84 3.6699724197387695
 
-91 3.676511287689209
 
-96 3.6833858489990234
 
-100 3.68999981880188
 
-107 3.698073625564575
 
-114 3.7054996490478516
 
-118 3.711719036102295
 
-124 3.718458414077759
 
-130 3.724900007247925
 
-134 3.7309389114379883
 
-139 3.738640785217285
 
-147 3.7470734119415283
 
-154 3.7540383338928223
 
-158 3.760077953338623
 
-163 3.766749858856201
 
-168 3.7737233638763428
 
-173 3.7797601222991943
 
-180 3.786316394805908
 
-184 3.793931245803833
 
-191 3.8000869750976562
 
-196 3.806594133377075
 
-200 3.8134477138519287
 
-205 3.8196709156036377
 
-210 3.8264071941375732
 
-216 3.8339903354644775
 
-223 3.8407843112945557
 
-230 3.8491013050079346
 
-234 3.8559601306915283
 
-240 3.8622617721557617
 
-246 3.8686225414276123
 
-251 3.87495493888855
 
-256 3.8811047077178955
 
-260 3.8881378173828125
 
-267 3.895697832107544
 
-272 3.9022130966186523
 
-278 3.908560037612915
 
-284 3.914911985397339
 
-288 3.9209516048431396
 
-293 3.9278907775878906
 
-300 3.934443235397339
 
-304 3.9405269622802734
 
-311 3.94863224029541
 
-316 3.954946279525757
 
-321 3.9611029624938965
 
-326 3.9679934978485107
 
-332 3.9745304584503174
 
-340 3.984813928604126
 
-346 3.991130828857422
 
-354 4.000132322311401
 
-360 4.008342504501343
 
-365 4.015465259552002
 
-370 4.02269983291626
 
-376 4.028577089309692
 
-381 4.034876823425293
 
-388 4.044286012649536
 
-392 4.052988052368164
 
-395 4.05963659286499
 
-398 4.066272735595703
 
-400 4.073780059814453
 
-402 4.0816521644592285
 
-404 4.088828086853027
 
-404 4.096700668334961
 
-404 4.104969263076782
 
-403 4.111070156097412
 
-402 4.117929935455322
 
-400 4.124432325363159
 
-398 4.1306188106536865
 
-396 4.137116432189941
 
-393 4.144039154052734
 
-390 4.151578903198242
 
-386 4.159019231796265
 
-382 4.166742324829102
 
-379 4.173638105392456
 
-376 4.179689884185791
 
-370 4.18679404258728
 
-365 4.196241855621338
 
-359 4.204677581787109
 
-354 4.210887908935547
 
-349 4.218186378479004
 
-344 4.226905822753906
 
-338 4.234443426132202
 
-332 4.242781162261963
 
-327 4.248858451843262
 
-321 4.256512880325317
 
-316 4.26392674446106
 
-312 4.269967794418335
 
-305 4.2765302658081055
 
-300 4.283405303955078
 
-296 4.289108753204346
 
-291 4.296235084533691
 
-283 4.30510950088501
 
-278 4.311627149581909
 
-272 4.318336725234985
 
-266 4.3247599601745605
 
-262 4.3307201862335205
 
-257 4.337728261947632
 
-250 4.344362735748291
 
-245 4.35034704208374
 
-239 4.358654499053955
 
-234 4.364944934844971
 
-229 4.37152361869812
 
-222 4.378177165985107
 
-217 4.384664297103882
 
-212 4.390663385391235
 
-207 4.397425889968872
 
-200 4.404164791107178
 
-196 4.411057472229004
 
-190 4.417922735214233
 
-184 4.4243998527526855
 
-179 4.430586099624634
 
-174 4.437090873718262
 
-168 4.444041013717651
 
-164 4.450060129165649
 
-156 4.458245754241943
 
-150 4.4647462368011475
 
-146 4.4710681438446045
 
-140 4.477936267852783
 
-134 4.484462738037109
 
-129 4.490596294403076
 
-124 4.49713134765625
 
-118 4.504053592681885
 
-112 4.510740280151367
 
-108 4.518838882446289
 
-99 4.526782751083374
 
-92 4.534192085266113
 
-88 4.540517568588257
 
-82 4.547426223754883
 
-76 4.5540807247161865
 
-71 4.5615622997283936
 
-64 4.568196058273315
 
-60 4.5746848583221436
 
-54 4.582787275314331
 
-48 4.589998960494995
 
-41 4.597713470458984
 
-34 4.605713129043579
 
-28 4.613767623901367
 
-23 4.62009596824646
 
-13 4.630455493927002
 
-8 4.638433218002319
 
0 4.6464316844940186
 
5 4.653021335601807
 
12 4.660181999206543
 
17 4.667459011077881
 
23 4.67417573928833
 
28 4.680139064788818
 
34 4.686599016189575
 
38 4.693428039550781
 
44 4.699447393417358
 
52 4.7101476192474365
 
58 4.716697692871094
 
64 4.723559856414795
 
68 4.729740381240845
 
74 4.7363059520721436
 
80 4.742985963821411
 
85 4.748857021331787
 
90 4.755429029464722
 
97 4.763118028640747
 
102 4.769069194793701
 
107 4.775723695755005
 
112 4.782227277755737
 
118 4.788730144500732
 
124 4.7950310707092285
 
129 4.802159786224365
 
136 4.808470010757446
 
140 4.816158056259155
 
147 4.822865009307861
 
152 4.828799486160278
 
157 4.835118770599365
 
162 4.841502666473389
 
169 4.84835147857666
 
174 4.854751348495483
 
179 4.862836837768555
 
186 4.869552135467529
 
191 4.876063823699951
 
196 4.882755756378174
 
202 4.888703346252441
 
208 4.8957414627075195
 
212 4.9021992683410645
 
219 4.908685207366943
 
224 4.916128396987915
 
229 4.923115968704224
 
236 4.929764032363892
 
242 4.936317205429077
 
248 4.943015098571777
 
252 4.948975563049316
 
258 4.956165790557861
 
264 4.9641289710998535
 
270 4.972673654556274
 
280 4.982991695404053
 
286 4.989450454711914
 
290 4.99615216255188
 
297 5.0028464794158936
 
