0 0.010716438293457031
 
0 0.02015089988708496
 
1 0.02669215202331543
 
2 0.033672332763671875
 
4 0.04049038887023926
 
5 0.047658443450927734
 
9 0.05433773994445801
 
11 0.06064891815185547
 
15 0.06875348091125488
 
19 0.07656002044677734
 
22 0.08356809616088867
 
26 0.09050178527832031
 
30 0.09746146202087402
 
35 0.10427093505859375
 
39 0.1103968620300293
 
43 0.11810183525085449
 
48 0.12473273277282715
 
53 0.13292598724365234
 
58 0.14008092880249023
 
64 0.14672350883483887
 
68 0.1537766456604004
 
73 0.1599271297454834
 
79 0.16662168502807617
 
83 0.17369747161865234
 
88 0.18001270294189453
 
94 0.18888092041015625
 
102 0.19707655906677246
 
111 0.20981550216674805
 
118 0.21649980545043945
 
123 0.2235736846923828
 
127 0.229780912399292
 
134 0.2368474006652832
 
142 0.2464125156402588
 
147 0.2532069683074951
 
154 0.2617666721343994
 
160 0.2690296173095703
 
167 0.2768566608428955
 
173 0.2844858169555664
 
179 0.29175758361816406
 
185 0.2998213768005371
 
192 0.3065922260284424
 
197 0.3136730194091797
 
202 0.3203010559082031
 
212 0.33072805404663086
 
219 0.3388979434967041
 
225 0.34764981269836426
 
232 0.35440683364868164
 
237 0.36380839347839355
 
249 0.37561655044555664
 
257 0.3844883441925049
 
263 0.39081478118896484
 
269 0.3988680839538574
 
275 0.4055774211883545
 
279 0.411724328994751
 
286 0.41874265670776367
 
291 0.4261312484741211
 
297 0.4328951835632324
 
302 0.44013404846191406
 
308 0.44769787788391113
 
314 0.45442748069763184
 
318 0.4604923725128174
 
323 0.4683983325958252
 
327 0.4748542308807373
 
331 0.48145484924316406
 
335 0.4881703853607178
 
339 0.49581170082092285
 
342 0.5027062892913818
 
346 0.5087990760803223
 
349 0.5151669979095459
 
351 0.5216035842895508
 
354 0.5283045768737793
 
356 0.5348615646362305
 
358 0.5414528846740723
 
360 0.5491580963134766
 
361 0.5560495853424072
 
363 0.5627784729003906
 
364 0.5688135623931885
 
365 0.5751888751983643
 
366 0.5816097259521484
 
367 0.5887155532836914
 
367 0.596543550491333
 
368 0.6034481525421143
 
368 0.6095573902130127
 
368 0.6169087886810303
 
369 0.6242251396179199
 
369 0.6307113170623779
 
369 0.6374578475952148
 
369 0.6449716091156006
 
368 0.6536054611206055
 
368 0.6598682403564453
 
368 0.6664760112762451
 
368 0.6734471321105957
 
368 0.6795711517333984
 
367 0.686396598815918
 
367 0.6947567462921143
 
367 0.7049553394317627
 
367 0.7139809131622314
 
366 0.7231340408325195
 
366 0.7329258918762207
 
365 0.7406964302062988
 
365 0.7505934238433838
 
365 0.7590973377227783
 
365 0.7685408592224121
 
365 0.7771034240722656
 
364 0.7850987911224365
 
364 0.7915887832641602
 
364 0.7991576194763184
 
364 0.8060784339904785
 
364 0.8128175735473633
 
363 0.8188223838806152
 
363 0.8251674175262451
 
363 0.831599235534668
 
363 0.839073657989502
 
363 0.8458170890808105
 
363 0.8537380695343018
 
363 0.8599400520324707
 
363 0.8665237426757812
 
363 0.873431921005249
 
363 0.879521369934082
 
363 0.8860683441162109
 
363 0.8927934169769287
 
363 0.8989348411560059
 
363 0.9065372943878174
 
363 0.9134628772735596
 
363 0.9195363521575928
 
363 0.926100492477417
 
363 0.9327921867370605
 
363 0.9388387203216553
 
363 0.9455077648162842
 
363 0.9549202919006348
 
363 0.9614901542663574
 
363 0.968250036239624
 
363 0.9748001098632812
 
363 0.9807956218719482
 
363 0.9882693290710449
 
363 0.9948530197143555
 
363 1.000913381576538
 
363 1.008739948272705
 
363 1.0151135921478271
 
363 1.0231971740722656
 
363 1.0291650295257568
 
363 1.0360209941864014
 
363 1.0431654453277588
 
363 1.0494966506958008
 
363 1.056697130203247
 
363 1.0636053085327148
 
363 1.0696616172790527
 
363 1.076402187347412
 
363 1.0831036567687988
 
363 1.0895400047302246
 
363 1.0960636138916016
 
363 1.102372646331787
 
363 1.1097986698150635
 
363 1.1165645122528076
 
363 1.123913288116455
 
363 1.1299738883972168
 
363 1.1367206573486328
 
363 1.1441521644592285
 
363 1.1501460075378418
 
363 1.15781831741333
 
363 1.1643996238708496
 
363 1.1704137325286865
 
363 1.1769497394561768
 
363 1.1839616298675537
 
363 1.1900372505187988
 
363 1.196819543838501
 
363 1.204146146774292
 
363 1.210970163345337
 
363 1.2179656028747559
 
363 1.2244856357574463
 
363 1.2304937839508057
 
363 1.237077236175537
 
363 1.2444636821746826
 
363 1.2506322860717773
 
363 1.258796215057373
 
363 1.265197515487671
 
363 1.2715632915496826
 
363 1.2782824039459229
 
363 1.2848093509674072
 
363 1.2907969951629639
 
363 1.297767162322998
 
363 1.3043863773345947
 
363 1.3130722045898438
 
363 1.319547176361084
 
363 1.3260877132415771
 
363 1.3327207565307617
 
363 1.338721513748169
 
363 1.345104455947876
 
363 1.3515501022338867
 
363 1.359036922454834
 
363 1.3657686710357666
 
363 1.379150152206421
 
363 1.386167049407959
 
363 1.3929240703582764
 
363 1.399106502532959
 
363 1.4058125019073486
 
363 1.41379714012146
 
363 1.4198193550109863
 
363 1.427037000656128
 
363 1.4343533515930176
 
363 1.4405136108398438
 
363 1.4470608234405518
 
363 1.4545385837554932
 
363 1.461705207824707
 
363 1.4684350490570068
 
363 1.4749042987823486
 
363 1.4809532165527344
 
363 1.4887645244598389
 
363 1.496901035308838
 
363 1.5039138793945312
 
363 1.5109045505523682
 
363 1.5178184509277344
 
363 1.5244946479797363
 
363 1.5304977893829346
 
363 1.5370604991912842
 
363 1.5440402030944824
 
363 1.550567865371704
 
363 1.5576143264770508
 
363 1.5650038719177246
 
363 1.571199655532837
 
363 1.5781021118164062
 
363 1.584611177444458
 
363 1.590625286102295
 
363 1.5971789360046387
 
363 1.6041278839111328
 
363 1.6101443767547607
 
363 1.617997646331787
 
363 1.624558448791504
 
363 1.6306121349334717
 
363 1.6377310752868652
 
363 1.6443257331848145
 
363 1.650336742401123
 
363 1.6568918228149414
 
363 1.6645214557647705
 
363 1.670602560043335
 
363 1.6782464981079102
 
363 1.6848573684692383
 
363 1.691586971282959
 
363 1.6991267204284668
 
363 1.7058141231536865
 
363 1.7123675346374512
 
363 1.7197849750518799
 
363 1.7263462543487549
 
363 1.7330381870269775
 
363 1.739152431488037
 
363 1.7460319995880127
 
363 1.7527456283569336
 
363 1.759537696838379
 
363 1.7670536041259766
 
363 1.7740929126739502
 
363 1.7801082134246826
 
363 1.7866406440734863
 
363 1.7935199737548828
 
363 1.799762487411499
 
363 1.8063302040100098
 
363 1.8137798309326172
 
363 1.8205554485321045
 
363 1.827132225036621
 
363 1.8340895175933838
 
363 1.8401243686676025
 
363 1.846653699874878
 
363 1.8535122871398926
 
363 1.8597488403320312
 
363 1.8736255168914795
 
363 1.8797028064727783
 
363 1.8862180709838867
 
363 1.8929526805877686
 
363 1.899064064025879
 
363 1.9060425758361816
 
363 1.9127063751220703
 
363 1.9206948280334473
 
363 1.9275202751159668
 
363 1.9342482089996338
 
363 1.9431686401367188
 
363 1.9503183364868164
 
363 1.956883192062378
 
363 1.9655439853668213
 
363 1.9735138416290283
 
363 1.9811532497406006
 
363 1.9884016513824463
 
363 1.9948513507843018
 
363 2.0008816719055176
 
363 2.0138192176818848
 
363 2.0214197635650635
 
363 2.028251886367798
 
363 2.034785270690918
 
363 2.0409812927246094
 
363 2.048032283782959
 
363 2.0545761585235596
 
363 2.0638794898986816
 
363 2.0731868743896484
 
363 2.0798511505126953
 
363 2.08646559715271
 
363 2.0931577682495117
 
363 2.0996241569519043
 
363 2.1061441898345947
 
363 2.112840414047241
 
363 2.1234817504882812
 
363 2.129757881164551
 
363 2.136336326599121
 
363 2.1436290740966797
 
363 2.1530115604400635
 
363 2.160183906555176
 
363 2.1671206951141357
 
363 2.1768503189086914
 
363 2.1849570274353027
 
363 2.191661834716797
 
363 2.1996870040893555
 
363 2.2081449031829834
 
363 2.2150096893310547
 
363 2.2236695289611816
 
363 2.2297537326812744
 
363 2.236332654953003
 
363 2.2444300651550293
 
363 2.251434564590454
 
363 2.2595744132995605
 
363 2.266819953918457
 
363 2.2751426696777344
 
363 2.2838685512542725
 
363 2.2909011840820312
 
363 2.298060894012451
 
363 2.304666042327881
 
363 2.311721086502075
 
363 2.318474054336548
 
363 2.3262147903442383
 
363 2.332961320877075
 
363 2.3390703201293945
 
363 2.3458030223846436
 
363 2.352787733078003
 
363 2.358793258666992
 
363 2.365159273147583
 
363 2.3837437629699707
 
363 2.389927387237549
 
363 2.3968348503112793
 
363 2.4037978649139404
 
363 2.4098265171051025
 
363 2.416647434234619
 
363 2.4235758781433105
 
363 2.432745933532715
 
363 2.4390556812286377
 
363 2.445812940597534
 
363 2.4522876739501953
 
363 2.4588708877563477
 
363 2.4655001163482666
 
363 2.4716110229492188
 
363 2.4800617694854736
 
363 2.486572027206421
 
363 2.4932079315185547
 
363 2.4995734691619873
 
363 2.5060670375823975
 
363 2.5127010345458984
 
363 2.518867254257202
 
363 2.528907537460327
 
363 2.5363364219665527
 
363 2.5440778732299805
 
363 2.550283908843994
 
363 2.5588369369506836
 
363 2.5680086612701416
 
363 2.5748953819274902
 
363 2.58306884765625
 
363 2.589054584503174
 
363 2.595763921737671
 
363 2.6046602725982666
 
363 2.6146984100341797
 
363 2.6207404136657715
 
363 2.6275269985198975
 
363 2.636326789855957
 
363 2.6430931091308594
 
363 2.649049997329712
 
363 2.655745267868042
 
363 2.6622278690338135
 
363 2.668638229370117
 
363 2.6749892234802246
 
363 2.6832032203674316
 
363 2.6891653537750244
 
363 2.6962223052978516
 
363 2.702958822250366
 
363 2.7089192867279053
 
363 2.7156074047088623
 
363 2.7217190265655518
 
363 2.728490114212036
 
363 2.7369723320007324
 
363 2.7439370155334473
 
363 2.749998092651367
 
363 2.756716251373291
 
363 2.7636125087738037
 
363 2.7714736461639404
 
363 2.7801766395568848
 
363 2.7903244495391846
 
363 2.799661636352539
 
363 2.8089072704315186
 
363 2.818002700805664
 
363 2.8269271850585938
 
363 2.836967706680298
 
363 2.8460144996643066
 
363 2.8549821376800537
 
363 2.8636810779571533
 
363 2.8697562217712402
 
363 2.8765110969543457
 
363 2.8832039833068848
 
363 2.890310764312744
 
363 2.8968448638916016
 
363 2.903794050216675
 
363 2.9098355770111084
 
363 2.9168589115142822
 
363 2.9310057163238525
 
363 2.9398605823516846
 
363 2.946690082550049
 
363 2.9535927772521973
 
363 2.9596807956695557
 
363 2.966193199157715
 
363 2.9728946685791016
 
363 2.980137348175049
 
363 2.98826265335083
 
363 2.994776964187622
 
363 3.001009464263916
 
363 3.008010149002075
 
363 3.015202283859253
 
363 3.0231058597564697
 
363 3.029083251953125
 
363 3.035818099975586
 
363 3.0456454753875732
 
363 3.051710844039917
 
363 3.060786008834839
 
363 3.0691277980804443
 
363 3.075810432434082
 
363 3.082742214202881
 
363 3.089808702468872
 
363 3.0971171855926514
 
363 3.104423999786377
 
363 3.113208770751953
 
363 3.119704484939575
 
363 3.1262400150299072
 
363 3.1338999271392822
 
363 3.140678882598877
 
363 3.1479880809783936
 
363 3.1555135250091553
 
363 3.1634256839752197
 
363 3.1710124015808105
 
363 3.17854905128479
 
363 3.184976577758789
 
363 3.192925214767456
 
363 3.199077606201172
 
363 3.206042766571045
 
363 3.2123489379882812
 
363 3.218714714050293
 
363 3.2251100540161133
 
363 3.2315289974212646
 
363 3.2384612560272217
 
363 3.246044397354126
 
363 3.2527272701263428
 
363 3.2587249279022217
 
363 3.265108346939087
 
363 3.2714431285858154
 
363 3.278125047683716
 
363 3.2846622467041016
 
363 3.2917802333831787
 
363 3.298741340637207
 
363 3.305110216140747
 
363 3.311535358428955
 
363 3.318211555480957
 
363 3.3247392177581787
 
363 3.330960988998413
 
363 3.3384921550750732
 
363 3.3462154865264893
 
363 3.352921724319458
 
363 3.359018564224243
 
363 3.387948751449585
 
363 3.406414747238159
 
363 3.4235012531280518
 
363 3.437152624130249
 
363 3.4546568393707275
 
363 3.472975492477417
 
363 3.4904942512512207
 
363 3.5010035037994385
 
363 3.5079867839813232
 
363 3.514573574066162
 
363 3.5229809284210205
 
363 3.5289194583892822
 
363 3.535566568374634
 
363 3.5530431270599365
 
363 3.5647530555725098
 
363 3.574476480484009
 
363 3.580839157104492
 
363 3.588413953781128
 
363 3.5954959392547607
 
363 3.6046066284179688
 
363 3.610651731491089
 
363 3.6172049045562744
 
363 3.6241652965545654
 
363 3.6305158138275146
 
363 3.637775421142578
 
363 3.644362211227417
 
363 3.650979995727539
 
363 3.659550189971924
 
363 3.6668126583099365
 
363 3.6744472980499268
 
363 3.6805028915405273
 
363 3.687094211578369
 
363 3.694030523300171
 
363 3.701594591140747
 
363 3.7082741260528564
 
363 3.7162246704101562
 
363 3.722971200942993
 
363 3.7288918495178223
 
363 3.735650062561035
 
363 3.7417209148406982
 
363 3.748465061187744
 
363 3.756464958190918
 
363 3.7631795406341553
 
363 3.7691545486450195
 
363 3.77616024017334
 
363 3.782914400100708
 
363 3.7888898849487305
 
363 3.7961411476135254
 
363 3.804097890853882
 
363 3.8101372718811035
 
363 3.8166608810424805
 
363 3.823546886444092
 
363 3.829587697982788
 
363 3.836277961730957
 
363 3.843036651611328
 
363 3.849165439605713
 
363 3.8568239212036133
 
363 3.8637635707855225
 
363 3.869842767715454
 
363 3.8766937255859375
 
363 3.883587121963501
 
363 3.889643430709839
 
363 3.8963429927825928
 
363 3.903035879135132
 
363 3.910590887069702
 
363 3.917135238647461
 
363 3.924137592315674
 
363 3.9301533699035645
 
363 3.936648368835449
 
363 3.943505048751831
 
363 3.9495341777801514
 
363 3.9569618701934814
 
363 3.9639217853546143
 
363 3.9699594974517822
 
363 3.9766597747802734
 
363 3.983569860458374
 
363 3.989617347717285
 
363 3.9961354732513428
 
363 4.002806901931763
 
363 4.010246515274048
 
363 4.016930341720581
 
363 4.024599313735962
 
363 4.030638217926025
 
363 4.0374767780303955
 
363 4.044220685958862
 
363 4.050276756286621
 
363 4.057860851287842
 
363 4.0645716190338135
 
363 4.070613145828247
 
363 4.077646493911743
 
363 4.084248781204224
 
363 4.090307712554932
 
363 4.096827507019043
 
363 4.1037774085998535
 
363 4.11120343208313
 
363 4.118082046508789
 
363 4.124705791473389
 
363 4.1307597160339355
 
363 4.137817621231079
 
363 4.144448757171631
 
363 4.150458574295044
 
363 4.1570470333099365
 
363 4.164823770523071
 
363 4.172961473464966
 
363 4.1789093017578125
 
363 4.185535669326782
 
363 4.191635370254517
 
363 4.19864559173584
 
363 4.205008506774902
 
363 4.213874816894531
 
363 4.219919919967651
 
363 4.226495027542114
 
363 4.233194828033447
 
363 4.2397027015686035
 
363 4.246232509613037
 
363 4.258768320083618
 
363 4.266421318054199
 
363 4.273092269897461
 
363 4.279062271118164
 
363 4.285769701004028
 
363 4.292234659194946
 
363 4.298532724380493
 
363 4.308447599411011
 
363 4.319139242172241
 
363 4.325821399688721
 
363 4.332262277603149
 
363 4.338532209396362
 
363 4.3449623584747314
 
363 4.351184844970703
 
363 4.36024808883667
 
363 4.374183893203735
 
363 4.380807876586914
 
363 4.387948751449585
 
363 4.398083448410034
 
363 4.404992341995239
 
363 4.413028717041016
 
363 4.420067310333252
 
363 4.426580429077148
 
363 4.433470249176025
 
363 4.441198825836182
 
363 4.448502063751221
 
363 4.454951763153076
 
363 4.461026191711426
 
363 4.469555377960205
 
363 4.476081371307373
 
363 4.483178615570068
 
363 4.494985342025757
 
363 4.503600597381592
 
363 4.5096752643585205
 
363 4.516981840133667
 
363 4.524423122406006
 
363 4.530908107757568
 
363 4.537792682647705
 
363 4.544396638870239
 
363 4.550409555435181
 
363 4.557147979736328
 
363 4.564100980758667
 
363 4.574142694473267
 
363 4.5844666957855225
 
363 4.592310190200806
 
363 4.598676681518555
 
363 4.605087518692017
 
363 4.611596345901489
 
363 4.619650840759277
 
363 4.628258228302002
 
363 4.636301517486572
 
363 4.644256830215454
 
363 4.650371074676514
 
363 4.656946659088135
 
363 4.666169166564941
 
363 4.674631595611572
 
363 4.681467771530151
 
363 4.688162088394165
 
363 4.695737600326538
 
363 4.702227592468262
 
363 4.708514213562012
 
363 4.7149317264556885
 
363 4.7248334884643555
 
363 4.7308526039123535
 
363 4.738016843795776
 
363 4.744582414627075
 
363 4.750608444213867
 
363 4.757615804672241
 
363 4.764235496520996
 
363 4.780154705047607
 
363 4.786813020706177
 
363 4.793720483779907
 
363 4.799910068511963
 
363 4.806490898132324
 
363 4.813171625137329
 
363 4.819192886352539
 
363 4.827659606933594
 
363 4.8342742919921875
 
363 4.840301752090454
 
363 4.850493431091309
 
363 4.8614349365234375
 
363 4.873877763748169
 
363 4.882324695587158
 
363 4.891480445861816
 
363 4.900460720062256
 
363 4.910171031951904
 
363 4.9274327754974365
 
363 4.937427520751953
 
363 4.94810938835144
 
363 4.955001354217529
 
363 4.961199760437012
 
363 4.970155239105225
 
363 4.978888750076294
 
363 4.986449718475342
 
363 4.993175983428955
 
363 5.005046606063843
 
