0 0.014227867126464844
 
0 0.021004915237426758
 
0 0.027840614318847656
 
8 0.03491044044494629
 
9 0.04201364517211914
 
23 0.04835247993469238
 
170 0.0554659366607666
 
198 0.06336784362792969
 
218 0.0705726146697998
 
235 0.0770423412322998
 
276 0.08456969261169434
 
332 0.09131193161010742
 
350 0.09800171852111816
 
350 0.10490155220031738
 
338 0.11250185966491699
 
329 0.11996197700500488
 
337 0.12638068199157715
 
355 0.1332087516784668
 
389 0.14049673080444336
 
405 0.1471545696258545
 
444 0.15434908866882324
 
498 0.16125011444091797
 
511 0.16946148872375488
 
516 0.17619705200195312
 
481 0.18294858932495117
 
457 0.19010353088378906
 
412 0.19655418395996094
 
381 0.20380783081054688
 
362 0.2107398509979248
 
353 0.2191755771636963
 
350 0.22581791877746582
 
359 0.23252534866333008
 
377 0.239943265914917
 
390 0.24644875526428223
 
430 0.2532620429992676
 
474 0.26053762435913086
 
489 0.268322229385376
 
525 0.27547144889831543
 
527 0.28240108489990234
 
491 0.289780855178833
 
454 0.29693150520324707
 
425 0.30394887924194336
 
383 0.31083130836486816
 
367 0.318239688873291
 
350 0.3255038261413574
 
345 0.33237314224243164
 
349 0.33942508697509766
 
361 0.34635305404663086
 
390 0.3531324863433838
 
407 0.36038923263549805
 
449 0.36784839630126953
 
496 0.3749063014984131
 
505 0.38184642791748047
 
508 0.3891870975494385
 
480 0.3957343101501465
 
447 0.4025254249572754
 
421 0.40994715690612793
 
391 0.4171009063720703
 
370 0.4242560863494873
 
352 0.43108630180358887
 
348 0.43746232986450195
 
356 0.44484806060791016
 
373 0.45177674293518066
 
396 0.45826244354248047
 
423 0.465465784072876
 
468 0.4737989902496338
 
503 0.4808471202850342
 
522 0.49141502380371094
 
507 0.4982271194458008
 
469 0.5057978630065918
 
439 0.5128569602966309
 
394 0.5206985473632812
 
368 0.527092695236206
 
355 0.5342321395874023
 
344 0.5411276817321777
 
344 0.5477850437164307
 
351 0.5547692775726318
 
371 0.5614588260650635
 
390 0.570098876953125
 
442 0.5766053199768066
 
485 0.583427906036377
 
519 0.5906887054443359
 
535 0.5970754623413086
 
532 0.6043760776519775
 
491 0.6111547946929932
 
468 0.6177799701690674
 
429 0.6260912418365479
 
394 0.6328778266906738
 
376 0.6400442123413086
 
359 0.6464676856994629
 
345 0.653212308883667
 
348 0.660400390625
 
356 0.6668293476104736
 
387 0.6748497486114502
 
398 0.6818594932556152
 
445 0.6892905235290527
 
493 0.6958932876586914
 
521 0.702873706817627
 
542 0.7100558280944824
 
539 0.7164492607116699
 
517 0.7245392799377441
 
464 0.7312753200531006
 
440 0.7381401062011719
 
396 0.7454004287719727
 
377 0.7523210048675537
 
355 0.7594339847564697
 
347 0.766087532043457
 
345 0.7734889984130859
 
360 0.7806932926177979
 
378 0.787067174911499
 
393 0.79425048828125
 
439 0.8011257648468018
 
476 0.8080754280090332
 
509 0.815284013748169
 
531 0.8221940994262695
 
525 0.830336332321167
 
487 0.8367173671722412
 
457 0.8437836170196533
 
431 0.850766658782959
 
390 0.8571517467498779
 
373 0.8645627498626709
 
355 0.8712959289550781
 
348 0.8794844150543213
 
347 0.886199951171875
 
363 0.8929884433746338
 
381 0.9001166820526123
 
413 0.9065780639648438
 
444 0.913454532623291
 
493 0.9206740856170654
 
514 0.928746223449707
 
546 0.9354994297027588
 
538 0.9423859119415283
 
516 0.949498176574707
 
474 0.9561767578125
 
441 0.9628982543945312
 
411 0.9700593948364258
 
377 0.9771926403045654
 
355 0.9846029281616211
 
348 0.9913256168365479
 
343 0.9981887340545654
 
353 1.0052623748779297
 
373 1.0121726989746094
 
390 1.0194740295410156
 
423 1.0268640518188477
 
475 1.0340113639831543
 
508 1.041025161743164
 
523 1.0478403568267822
 
521 1.0547738075256348
 
487 1.0614595413208008
 
461 1.0682041645050049
 
427 1.0753021240234375
 
391 1.0831835269927979
 
369 1.0904009342193604
 
356 1.0968286991119385
 
349 1.1040167808532715
 
353 1.110914945602417
 
367 1.11729097366333
 
394 1.1247127056121826
 
427 1.132800579071045
 
457 1.1400463581085205
 
489 1.1464948654174805
 
528 1.1534368991851807
 
548 1.1605839729309082
 
537 1.1671137809753418
 
519 1.1742591857910156
 
468 1.1820824146270752
 
439 1.1891710758209229
 
397 1.1955037117004395
 
376 1.20243239402771
 
352 1.209775686264038
 
342 1.2162365913391113
 
339 1.2231147289276123
 
351 1.2309770584106445
 
370 1.2373590469360352
 
395 1.2447471618652344
 
427 1.251509428024292
 
473 1.259181022644043
 
500 1.2658412456512451
 
522 1.2725472450256348
 
521 1.2805540561676025
 
484 1.2871551513671875
 
444 1.2952933311462402
 
423 1.302201747894287
 
389 1.3092613220214844
 
364 1.3157944679260254
 
351 1.3224802017211914
 
346 1.3300950527191162
 
350 1.3372361660003662
 
370 1.3446388244628906
 
394 1.351423740386963
 
415 1.3581886291503906
 
462 1.3653569221496582
 
486 1.3723711967468262
 
519 1.3794500827789307
 
519 1.3870813846588135
 
490 1.3942208290100098
 
454 1.4010224342346191
 
423 1.4078292846679688
 
389 1.414768934249878
 
372 1.4214625358581543
 
361 1.4281933307647705
 
355 1.436357021331787
 
361 1.4431827068328857
 
371 1.45033597946167
 
394 1.4566693305969238
 
415 1.4639289379119873
 
459 1.4709382057189941
 
489 1.4773850440979004
 
535 1.4999423027038574
 
493 1.5064976215362549
 
459 1.5139644145965576
 
428 1.520862102508545
 
392 1.5275111198425293
 
360 1.5347440242767334
 
333 1.550149917602539
 
327 1.5615053176879883
 
348 1.5777909755706787
 
398 1.5934083461761475
 
451 1.609419822692871
 
495 1.6210298538208008
 
550 1.634855031967163
 
600 1.6505658626556396
 
627 1.666224479675293
 
664 1.6787688732147217
 
682 1.6958651542663574
 
689 1.7120451927185059
 
692 1.7259087562561035
 
675 1.7373292446136475
 
661 1.7534804344177246
 
634 1.7699754238128662
 
620 1.7771594524383545
 
610 1.7842974662780762
 
598 1.7910735607147217
 
586 1.7974469661712646
 
565 1.8046798706054688
 
557 1.8114264011383057
 
531 1.827101469039917
 
515 1.8411481380462646
 
509 1.8483211994171143
 
498 1.8554253578186035
 
495 1.8624212741851807
 
502 1.8694875240325928
 
505 1.8769209384918213
 
517 1.8839466571807861
 
521 1.8908429145812988
 
529 1.897348165512085
 
542 1.904771327972412
 
557 1.9114527702331543
 
569 1.9181487560272217
 
592 1.926304578781128
 
600 1.9330759048461914
 
604 1.9402375221252441
 
615 1.946624517440796
 
618 1.9538302421569824
 
635 1.9607737064361572
 
633 1.9673004150390625
 
634 1.97550368309021
 
628 1.9823789596557617
 
622 1.9894461631774902
 
617 1.9960899353027344
 
611 2.0028040409088135
 
601 2.009988307952881
 
583 2.0165462493896484
 
573 2.024492025375366
 
564 2.0312225818634033
 
556 2.0381054878234863
 
551 2.0451433658599854
 
542 2.052081346511841
 
534 2.059173822402954
 
528 2.065777540206909
 
527 2.0724785327911377
 
528 2.080840587615967
 
528 2.0871846675872803
 
533 2.0943899154663086
 
535 2.1011641025543213
 
539 2.1078274250030518
 
547 2.114772081375122
 
554 2.12148380279541
 
572 2.1299145221710205
 
577 2.136488676071167
 
581 2.1432571411132812
 
589 2.1504733562469482
 
595 2.156860113143921
 
599 2.1640443801879883
 
610 2.1709201335906982
 
612 2.1783761978149414
 
613 2.185490846633911
 
611 2.1924123764038086
 
610 2.199941396713257
 
609 2.2063751220703125
 
611 2.2131683826446533
 
603 2.2203285694122314
 
594 2.2274110317230225
 
587 2.2346415519714355
 
576 2.2413535118103027
 
574 2.248070001602173
 
568 2.255293846130371
 
561 2.2621941566467285
 
551 2.269319534301758
 
546 2.275848865509033
 
538 2.2834787368774414
 
539 2.2906405925750732
 
538 2.298168420791626
 
536 2.3052263259887695
 
535 2.3121376037597656
 
535 2.31943678855896
 
541 2.326145887374878
 
552 2.3337950706481934
 
558 2.3407249450683594
 
564 2.3471155166625977
 
569 2.354266881942749
 
575 2.3610734939575195
 
579 2.367412805557251
 
588 2.3747518062591553
 
594 2.382913589477539
 
597 2.3901071548461914
 
601 2.3966526985168457
 
602 2.4034321308135986
 
605 2.4106154441833496
 
607 2.416987895965576
 
607 2.4242665767669678
 
604 2.4321320056915283
 
591 2.439419984817505
 
589 2.445993185043335
 
586 2.452759265899658
 
582 2.4599573612213135
 
576 2.466383218765259
 
571 2.473154306411743
 
559 2.4802772998809814
 
551 2.491360664367676
 
550 2.5024564266204834
 
548 2.510037899017334
 
543 2.5166518688201904
 
540 2.5234296321868896
 
541 2.530604362487793
 
543 2.538102865219116
 
549 2.5451385974884033
 
551 2.5520834922790527
 
557 2.559380054473877
 
560 2.5659921169281006
 
563 2.572545051574707
 
572 2.5799264907836914
 
580 2.5869414806365967
 
586 2.5940117835998535
 
587 2.6008870601654053
 
587 2.607269763946533
 
590 2.614666700363159
 
593 2.621401309967041
 
596 2.628120183944702
 
595 2.6363492012023926
 
593 2.643143892288208
 
591 2.6503219604492188
 
586 2.6566669940948486
 
584 2.663412570953369
 
585 2.6705851554870605
 
585 2.6771254539489746
 
578 2.6854727268218994
 
577 2.6923794746398926
 
567 2.699505567550659
 
573 2.7061474323272705
 
569 2.7128336429595947
 
570 2.7200169563293457
 
563 2.726443290710449
 
561 2.73332142829895
 
557 2.7412219047546387
 
561 2.7479662895202637
 
561 2.754934310913086
 
562 2.761829376220703
 
560 2.768261194229126
 
559 2.775313377380371
 
559 2.782198429107666
 
567 2.790287971496582
 
572 2.7968053817749023
 
576 2.803806781768799
 
575 2.810760974884033
 
574 2.817270278930664
 
577 2.824366331100464
 
582 2.831223964691162
 
593 2.8394765853881836
 
589 2.846130132675171
 
588 2.852963447570801
 
585 2.8601126670837402
 
587 2.8665082454681396
 
587 2.87326979637146
 
591 2.8804070949554443
 
588 2.8878700733184814
 
583 2.894820213317871
 
579 2.9017577171325684
 
578 2.9081952571868896
 
578 2.915489435195923
 
569 2.9223663806915283
 
570 2.9295058250427246
 
567 2.936188220977783
 
560 2.9441943168640137
 
561 2.9509758949279785
 
558 2.957329511642456
 
560 2.9645426273345947
 
560 2.9712655544281006
 
556 2.9781017303466797
 
556 2.985161304473877
 
558 2.992995500564575
 
560 3.000103712081909
 
569 3.00646710395813
 
568 3.0132625102996826
 
569 3.0204200744628906
 
568 3.026780128479004
 
574 3.0339436531066895
 
574 3.0418267250061035
 
585 3.04823899269104
 
584 3.055314540863037
 
582 3.062182903289795
 
583 3.069279193878174
 
585 3.075989007949829
 
581 3.0827815532684326
 
581 3.0906639099121094
 
585 3.0972959995269775
 
579 3.1045374870300293
 
576 3.1112332344055176
 
572 3.117959499359131
 
575 3.1248910427093506
 
572 3.1318209171295166
 
575 3.1382129192352295
 
569 3.1464085578918457
 
568 3.153320074081421
 
569 3.160501718521118
 
568 3.1668577194213867
 
569 3.1738696098327637
 
564 3.1807634830474854
 
566 3.1871135234832764
 
561 3.1952531337738037
 
561 3.2021243572235107
 
562 3.20941162109375
 
567 3.216261625289917
 
567 3.2230396270751953
 
570 3.2301619052886963
 
565 3.23651385307312
 
563 3.2443056106567383
 
567 3.2510833740234375
 
572 3.2574479579925537
 
573 3.264634609222412
 
574 3.271336317062378
 
571 3.2781481742858887
 
571 3.2851510047912598
 
576 3.29205584526062
 
585 3.3007140159606934
 
585 3.307097911834717
 
584 3.3142189979553223
 
578 3.320985794067383
 
580 3.3273465633392334
 
587 3.3347556591033936
 
588 3.3414440155029297
 
585 3.3495075702667236
 
584 3.356208086013794
 
581 3.362900733947754
 
580 3.37005877494812
 
579 3.3764219284057617
 
579 3.3831627368927
 
574 3.390350580215454
 
571 3.397880792617798
 
568 3.4048030376434326
 
566 3.4114794731140137
 
563 3.418177604675293
 
568 3.425255537033081
 
565 3.4321160316467285
 
568 3.4391751289367676
 
559 3.4465584754943848
 
559 3.453773260116577
 
564 3.4606831073760986
 
569 3.467177152633667
 
568 3.4743127822875977
 
567 3.4810779094696045
 
568 3.4918317794799805
 
573 3.500187397003174
 
578 3.506692886352539
 
578 3.5141677856445312
 
577 3.520934581756592
 
577 3.527287244796753
 
578 3.534511089324951
 
579 3.5412309169769287
 
581 3.5497493743896484
 
583 3.5562288761138916
 
579 3.562955141067505
 
577 3.5700879096984863
 
575 3.5765914916992188
 
576 3.58339524269104
 
577 3.5905673503875732
 
575 3.5981225967407227
 
572 3.605238914489746
 
570 3.612121105194092
 
568 3.6191840171813965
 
569 3.6254947185516357
 
570 3.632369041442871
 
569 3.639845132827759
 
571 3.6463072299957275
 
567 3.6540398597717285
 
565 3.6608784198760986
 
566 3.667229652404785
 
567 3.674359083175659
 
570 3.6810991764068604
 
572 3.6874353885650635
 
569 3.694826126098633
 
566 3.7027761936187744
 
568 3.709980010986328
 
570 3.716381788253784
 
571 3.72334361076355
 
569 3.7304952144622803
 
572 3.7368829250335693
 
568 3.743868589401245
 
572 3.751823902130127
 
576 3.7587645053863525
 
577 3.7654922008514404
 
576 3.772392749786377
 
576 3.779432773590088
 
572 3.7859976291656494
 
574 3.792769193649292
 
576 3.7999093532562256
 
578 3.807081460952759
 
576 3.814349412918091
 
572 3.8211190700531006
 
571 3.827489137649536
 
573 3.834678888320923
 
576 3.841376543045044
 
576 3.848090410232544
 
575 3.8564345836639404
 
567 3.8631649017333984
 
565 3.8703153133392334
 
567 3.876844644546509
 
566 3.8838741779327393
 
569 3.8908424377441406
 
567 3.8971669673919678
 
561 3.9053075313568115
 
566 3.9122257232666016
 
566 3.9193100929260254
 
567 3.9258198738098145
 
575 3.932522773742676
 
575 3.9400577545166016
 
573 3.946443796157837
 
574 3.9542479515075684
 
580 3.9611082077026367
 
578 3.9674742221832275
 
584 3.974677801132202
 
581 3.981365919113159
 
582 3.9881784915924072
 
580 3.9954676628112793
 
582 4.0023462772369385
 
583 4.010457277297974
 
586 4.016838073730469
 
578 4.023796319961548
 
573 4.030716896057129
 
570 4.037073135375977
 
572 4.044054985046387
 
576 4.050990343093872
 
572 4.059270620346069
 
572 4.065762758255005
 
567 4.0724146366119385
 
566 4.079733371734619
 
565 4.086189031600952
 
568 4.092923641204834
 
572 4.100064277648926
 
569 4.107195615768433
 
565 4.114647626876831
 
565 4.121362924575806
 
568 4.128048658370972
 
570 4.135053634643555
 
574 4.142012357711792
 
575 4.148317575454712
 
571 4.155429124832153
 
572 4.163289785385132
 
573 4.170511722564697
 
576 4.177074193954468
 
574 4.1841583251953125
 
579 4.1909356117248535
 
573 4.1973021030426025
 
574 4.204514503479004
 
577 4.2122955322265625
 
578 4.219413995742798
 
579 4.2260003089904785
 
576 4.232952833175659
 
574 4.240091323852539
 
573 4.2465972900390625
 
576 4.25343656539917
 
579 4.26123309135437
 
579 4.2679572105407715
 
577 4.274877548217773
 
567 4.28181529045105
 
571 4.288203001022339
 
570 4.296420097351074
 
574 4.3031699657440186
 
571 4.310985803604126
 
571 4.317297697067261
 
568 4.324392795562744
 
565 4.331144094467163
 
566 4.337797403335571
 
569 4.344746112823486
 
572 4.351444482803345
 
572 4.358262538909912
 
567 4.366443395614624
 
567 4.373355150222778
 
566 4.38054895401001
 
571 4.386899948120117
 
577 4.393943548202515
 
576 4.40083384513855
 
574 4.407172203063965
 
572 4.415771484375
 
577 4.422462224960327
 
578 4.429787874221802
 
581 4.436205863952637
 
577 4.442905426025391
 
576 4.4500813484191895
 
577 4.456472396850586
 
576 4.464317798614502
 
578 4.471155881881714
 
575 4.478002309799194
 
573 4.4892659187316895
 
564 4.496002435684204
 
565 4.503030061721802
 
572 4.510220766067505
 
573 4.517425537109375
 
569 4.524617671966553
 
563 4.53133225440979
 
560 4.538198947906494
 
564 4.5452680587768555
 
565 4.552151679992676
 
573 4.559213161468506
 
574 4.566643714904785
 
571 4.5733888149261475
 
573 4.580556392669678
 
573 4.586920261383057
 
580 4.59420919418335
 
584 4.600974798202515
 
585 4.607302904129028
 
582 4.615414142608643
 
579 4.622356414794922
 
582 4.629446744918823
 
582 4.636303663253784
 
583 4.643061399459839
 
582 4.650240659713745
 
577 4.656738042831421
 
571 4.663453817367554
 
572 4.671321630477905
 
574 4.6780571937561035
 
574 4.685061693191528
 
572 4.691962480545044
 
572 4.698296546936035
 
568 4.705356597900391
 
567 4.712236642837524
 
570 4.720495939254761
 
571 4.72688627243042
 
570 4.733869314193726
 
562 4.740780353546143
 
564 4.747131824493408
 
567 4.75422477722168
 
569 4.760978698730469
 
573 4.769451856613159
 
574 4.776285409927368
 
571 4.783067941665649
 
572 4.790171384811401
 
572 4.796579122543335
 
578 4.803382158279419
 
576 4.810505390167236
 
579 4.817964315414429
 
575 4.824905633926392
 
574 4.831852912902832
 
579 4.839170455932617
 
581 4.845484972000122
 
579 4.852430105209351
 
580 4.8597822189331055
 
575 4.870855093002319
 
575 4.877173185348511
 
576 4.884255409240723
 
579 4.891103267669678
 
577 4.897967338562012
 
574 4.904923915863037
 
571 4.911959171295166
 
569 4.919910192489624
 
572 4.926317930221558
 
572 4.933160066604614
 
571 4.940340042114258
 
569 4.946692228317261
 
565 4.953832626342773
 
564 4.960721731185913
 
567 4.967075347900391
 
570 4.975107431411743
 
572 4.982019901275635
 
569 4.9883551597595215
 
569 4.995447874069214
 
568 5.002363443374634
 
