0 0.014704704284667969
 
0 0.02172994613647461
 
1 0.029238462448120117
 
6 0.05034136772155762
 
12 0.06873726844787598
 
20 0.08489823341369629
 
31 0.11286544799804688
 
40 0.14000535011291504
 
52 0.17640447616577148
 
56 0.19858765602111816
 
62 0.20661163330078125
 
64 0.2139604091644287
 
67 0.22081351280212402
 
72 0.23611688613891602
 
75 0.24361038208007812
 
78 0.2505226135253906
 
81 0.26365065574645996
 
86 0.2788670063018799
 
91 0.2933211326599121
 
98 0.3095736503601074
 
102 0.3257887363433838
 
108 0.34145188331604004
 
113 0.35399556159973145
 
119 0.3698556423187256
 
124 0.38605165481567383
 
129 0.39991188049316406
 
133 0.41380763053894043
 
139 0.4296538829803467
 
144 0.44416332244873047
 
150 0.4622526168823242
 
155 0.47423481941223145
 
160 0.48984766006469727
 
162 0.49634313583374023
 
164 0.5036394596099854
 
167 0.5105452537536621
 
169 0.51731276512146
 
172 0.5244810581207275
 
174 0.5316281318664551
 
180 0.5496032238006592
 
186 0.564105749130249
 
188 0.5716538429260254
 
191 0.5792989730834961
 
193 0.5858800411224365
 
196 0.59378981590271
 
198 0.6007137298583984
 
200 0.6075506210327148
 
203 0.6147944927215576
 
205 0.6218466758728027
 
208 0.6295008659362793
 
211 0.6360208988189697
 
214 0.6440684795379639
 
216 0.6508743762969971
 
218 0.657672643661499
 
220 0.6648955345153809
 
223 0.6719355583190918
 
226 0.6794338226318359
 
228 0.6861021518707275
 
231 0.6943352222442627
 
233 0.7015018463134766
 
236 0.7088813781738281
 
238 0.7157351970672607
 
240 0.7226150035858154
 
244 0.7299315929412842
 
246 0.7364397048950195
 
248 0.7448651790618896
 
251 0.7519030570983887
 
253 0.7594304084777832
 
256 0.7659144401550293
 
258 0.7728452682495117
 
261 0.7801003456115723
 
263 0.7866027355194092
 
266 0.7948658466339111
 
268 0.8019161224365234
 
270 0.8096461296081543
 
273 0.8161537647247314
 
276 0.8232994079589844
 
278 0.8302860260009766
 
280 0.8372042179107666
 
283 0.8455641269683838
 
286 0.8524503707885742
 
288 0.8597002029418945
 
290 0.8663649559020996
 
293 0.8736579418182373
 
296 0.8805744647979736
 
298 0.8873724937438965
 
300 0.895684003829956
 
303 0.9026029109954834
 
306 0.9098892211914062
 
308 0.9163918495178223
 
310 0.9237828254699707
 
313 0.9307355880737305
 
315 0.9375307559967041
 
318 0.9458482265472412
 
320 0.9527237415313721
 
323 0.9600083827972412
 
325 0.9666893482208252
 
327 0.9739944934844971
 
330 0.980806827545166
 
332 0.9877831935882568
 
336 0.9961235523223877
 
338 1.003239631652832
 
340 1.0102791786193848
 
342 1.0167555809020996
 
346 1.0240745544433594
 
348 1.0311555862426758
 
350 1.039452314376831
 
353 1.0468242168426514
 
356 1.0541865825653076
 
358 1.0612285137176514
 
360 1.068577766418457
 
363 1.0752921104431152
 
366 1.0822904109954834
 
368 1.0895376205444336
 
370 1.0971853733062744
 
373 1.1046371459960938
 
375 1.1116535663604736
 
378 1.1188452243804932
 
380 1.1256122589111328
 
383 1.1325299739837646
 
385 1.1397757530212402
 
388 1.1462843418121338
 
390 1.1543664932250977
 
392 1.161536455154419
 
396 1.168874979019165
 
398 1.175666093826294
 
400 1.1825318336486816
 
403 1.1898367404937744
 
405 1.1963520050048828
 
408 1.2043061256408691
 
410 1.2114171981811523
 
413 1.2186191082000732
 
418 1.2325797080993652
 
420 1.2398791313171387
 
422 1.2465684413909912
 
425 1.255174160003662
 
428 1.262141466140747
 
430 1.2694132328033447
 
433 1.2759029865264893
 
435 1.2832226753234863
 
438 1.2902438640594482
 
440 1.2967345714569092
 
442 1.3052031993865967
 
445 1.3121447563171387
 
447 1.3194541931152344
 
450 1.325901985168457
 
452 1.3328266143798828
 
455 1.340106725692749
 
457 1.3467292785644531
 
460 1.355560064315796
 
462 1.362471103668213
 
464 1.3697237968444824
 
467 1.3762412071228027
 
470 1.3834304809570312
 
472 1.3905119895935059
 
474 1.3973000049591064
 
477 1.4057724475860596
 
480 1.4126622676849365
 
482 1.4199769496917725
 
484 1.4264862537384033
 
486 1.4337074756622314
 
489 1.4406013488769531
 
491 1.4474525451660156
 
494 1.455709457397461
 
496 1.4627413749694824
 
499 1.4700069427490234
 
501 1.4765279293060303
 
504 1.484010934829712
 
506 1.49082350730896
 
508 1.4976305961608887
 
512 1.50602388381958
 
514 1.5131893157958984
 
516 1.520237684249878
 
518 1.5268690586090088
 
521 1.5342955589294434
 
524 1.541473627090454
 
526 1.5486927032470703
 
529 1.5561938285827637
 
531 1.563342571258545
 
534 1.570345163345337
 
536 1.576827049255371
 
538 1.584291696548462
 
541 1.5914058685302734
 
543 1.5985853672027588
 
546 1.606107234954834
 
548 1.6134164333343506
 
551 1.6204712390899658
 
553 1.6272506713867188
 
556 1.6342945098876953
 
558 1.6414010524749756
 
561 1.6488049030303955
 
564 1.6563043594360352
 
566 1.6634809970855713
 
568 1.6704905033111572
 
570 1.6773090362548828
 
573 1.684370994567871
 
575 1.6914904117584229
 
578 1.6986806392669678
 
580 1.7063355445861816
 
583 1.7134785652160645
 
586 1.7204523086547852
 
588 1.7271792888641357
 
590 1.7343144416809082
 
592 1.741468906402588
 
595 1.7488059997558594
 
597 1.7556195259094238
 
600 1.763791561126709
 
603 1.7707264423370361
 
605 1.7775216102600098
 
608 1.7847366333007812
 
610 1.791778802871704
 
612 1.79921293258667
 
614 1.8057422637939453
 
617 1.8136935234069824
 
620 1.8206467628479004
 
622 1.827627420425415
 
625 1.8348257541656494
 
627 1.841862678527832
 
630 1.8493564128875732
 
632 1.8558902740478516
 
635 1.863720178604126
 
638 1.8706049919128418
 
640 1.8775873184204102
 
642 1.8851585388183594
 
645 1.8919498920440674
 
647 1.899416446685791
 
650 1.9059412479400635
 
652 1.9139752388000488
 
655 1.9207539558410645
 
657 1.927661418914795
 
660 1.934882402420044
 
662 1.9419021606445312
 
664 1.9495043754577637
 
667 1.956007480621338
 
670 1.9641664028167725
 
672 1.9713797569274902
 
674 1.9781990051269531
 
677 1.9852735996246338
 
680 1.9922215938568115
 
682 1.9994633197784424
 
684 2.0061075687408447
 
687 2.0141937732696533
 
690 2.0212595462799072
 
692 2.028186559677124
 
695 2.0360114574432373
 
697 2.042900323867798
 
700 2.050184965133667
 
702 2.056640863418579
 
705 2.0652084350585938
 
708 2.0721588134765625
 
710 2.0794284343719482
 
712 2.085895299911499
 
714 2.0928282737731934
 
717 2.1000664234161377
 
719 2.1065549850463867
 
722 2.1147308349609375
 
724 2.1218414306640625
 
727 2.1295313835144043
 
730 2.1361944675445557
 
732 2.1433215141296387
 
734 2.1503100395202637
 
736 2.156799793243408
 
739 2.165292978286743
 
742 2.1722536087036133
 
744 2.1795239448547363
 
747 2.1861581802368164
 
749 2.193319797515869
 
752 2.200360059738159
 
754 2.20684552192688
 
756 2.215257167816162
 
759 2.2222259044647217
 
763 2.2333614826202393
 
766 2.2403295040130615
 
768 2.2474253177642822
 
770 2.254906177520752
 
773 2.261914014816284
 
776 2.270345687866211
 
778 2.276819944381714
 
781 2.2841622829437256
 
783 2.2911624908447266
 
785 2.2976837158203125
 
788 2.3053157329559326
 
790 2.312305212020874
 
793 2.3203446865081787
 
795 2.3268535137176514
 
798 2.334188461303711
 
800 2.3413639068603516
 
802 2.3481905460357666
 
805 2.3552353382110596
 
808 2.3623604774475098
 
810 2.370436191558838
 
812 2.3768868446350098
 
815 2.3842051029205322
 
817 2.3913586139678955
 
820 2.3987574577331543
 
822 2.405545711517334
 
825 2.4123404026031494
 
828 2.420374870300293
 
830 2.4273741245269775
 
832 2.43452787399292
 
834 2.4415998458862305
 
837 2.4488205909729004
 
839 2.455613374710083
 
842 2.462531328201294
 
845 2.47053599357605
 
847 2.477285146713257
 
850 2.4846818447113037
 
852 2.4916696548461914
 
854 2.498837947845459
 
856 2.5055978298187256
 
859 2.512543201446533
 
862 2.520502805709839
 
864 2.527454137802124
 
866 2.534635543823242
 
868 2.541666269302368
 
871 2.5492990016937256
 
874 2.5559146404266357
 
876 2.5628035068511963
 
879 2.570805072784424
 
881 2.577615261077881
 
884 2.5847983360290527
 
886 2.591787099838257
 
888 2.5992586612701416
 
891 2.605975866317749
 
894 2.6128861904144287
 
896 2.6208016872406006
 
898 2.6276416778564453
 
901 2.634834051132202
 
903 2.6418471336364746
 
906 2.6492650508880615
 
908 2.655982494354248
 
911 2.6632864475250244
 
914 2.671395778656006
 
917 2.6818106174468994
 
920 2.6892592906951904
 
922 2.695807933807373
 
924 2.702690839767456
 
927 2.7100090980529785
 
929 2.7165274620056152
 
932 2.725161075592041
 
935 2.7321505546569824
 
937 2.7395145893096924
 
940 2.746037244796753
 
942 2.7532126903533936
 
944 2.7602410316467285
 
947 2.766771078109741
 
950 2.7752654552459717
 
952 2.782395362854004
 
954 2.789752960205078
 
957 2.796273946762085
 
959 2.8034677505493164
 
962 2.8105762004852295
 
964 2.817359685897827
 
967 2.8256638050079346
 
970 2.8326029777526855
 
972 2.8398923873901367
 
974 2.8465590476989746
 
976 2.853792428970337
 
979 2.860734224319458
 
981 2.867558002471924
 
984 2.875865936279297
 
987 2.882700204849243
 
990 2.8899881839752197
 
992 2.8964579105377197
 
994 2.903981924057007
 
996 2.9108009338378906
 
999 2.9177839756011963
 
1002 2.9260995388031006
 
1004 2.9332196712493896
 
1007 2.940304756164551
 
1009 2.946730852127075
 
1012 2.9540297985076904
 
1014 2.960847854614258
 
1016 2.9682047367095947
 
1020 2.976152181625366
 
1022 2.9832510948181152
 
1024 2.9902753829956055
 
1026 2.996736526489258
 
1029 3.0040769577026367
 
1031 3.0108745098114014
 
1033 3.0176756381988525
 
1036 3.0261406898498535
 
1040 3.0342743396759033
 
1042 3.0413737297058105
 
1044 3.048766613006592
 
1046 3.0555551052093506
 
1049 3.0624539852142334
 
1051 3.0697154998779297
 
1054 3.077255964279175
 
1057 3.0846686363220215
 
1059 3.091660499572754
 
1062 3.0988283157348633
 
1064 3.1056082248687744
 
1066 3.1124966144561768
 
1069 3.1198527812957764
 
1072 3.1273226737976074
 
1074 3.134483814239502
 
1076 3.1415581703186035
 
1079 3.1489102840423584
 
1081 3.155726671218872
 
1084 3.1626100540161133
 
1087 3.1699047088623047
 
1089 3.1765968799591064
 
1092 3.184727907180786
 
1094 3.1918509006500244
 
1096 3.199295997619629
 
1099 3.205997943878174
 
1101 3.213240146636963
 
1104 3.2202706336975098
 
1110 3.2388696670532227
 
1112 3.245793104171753
 
1115 3.253220796585083
 
1118 3.2602734565734863
 
1120 3.2673749923706055
 
1123 3.2744743824005127
 
1126 3.2825162410736084
 
1128 3.2897417545318604
 
1130 3.2962381839752197
 
1132 3.3036437034606934
 
1135 3.310544490814209
 
1137 3.317345142364502
 
1140 3.32466721534729
 
1143 3.3326427936553955
 
1146 3.3399786949157715
 
1148 3.34645676612854
 
1150 3.353663921356201
 
1152 3.3605740070343018
 
1154 3.367398977279663
 
1157 3.3745694160461426
 
1160 3.382749557495117
 
1163 3.3899683952331543
 
1165 3.396515130996704
 
1167 3.4037563800811768
 
1170 3.410637378692627
 
1172 3.417424201965332
 
1174 3.424571990966797
 
1176 3.432826519012451
 
1180 3.440096616744995
 
1182 3.446744918823242
 
1185 3.4541261196136475
 
1187 3.4612438678741455
 
1189 3.468179702758789
 
1192 3.475212812423706
 
1194 3.483180284500122
 
1197 3.490281820297241
 
1199 3.496746301651001
 
1202 3.5042028427124023
 
1204 3.5112733840942383
 
1206 3.5182042121887207
 
1209 3.525235891342163
 
1212 3.5321638584136963
 
1214 3.5402584075927734
 
1216 3.546741247177124
 
1219 3.5540966987609863
 
1221 3.5609097480773926
 
1224 3.5686702728271484
 
1226 3.575345993041992
 
1229 3.5822553634643555
 
1232 3.590334177017212
 
1234 3.596804618835449
 
1236 3.60417103767395
 
1238 3.6112120151519775
 
1240 3.617722749710083
 
1243 3.625290870666504
 
1246 3.6322367191314697
 
1249 3.6402790546417236
 
1251 3.6467387676239014
 
1254 3.6540307998657227
 
1256 3.6608669757843018
 
1258 3.6676583290100098
 
1260 3.674849271774292
 
1263 3.6818628311157227
 
1266 3.6902034282684326
 
1268 3.6968178749084473
 
1271 3.7041263580322266
 
1273 3.7111692428588867
 
1276 3.7186126708984375
 
1278 3.725285291671753
 
1281 3.73222279548645
 
1284 3.74027156829834
 
1286 3.7472150325775146
 
1288 3.754256248474121
 
1290 3.761352062225342
 
1292 3.7685775756835938
 
1295 3.775291919708252
 
1298 3.7822024822235107
 
1301 3.7902417182922363
 
1303 3.7967450618743896
 
1306 3.804255962371826
 
1308 3.8114078044891357
 
1310 3.818617582321167
 
1312 3.825550079345703
 
1315 3.8323934078216553
 
1318 3.840285062789917
 
1320 3.8467648029327393
 
1323 3.85408878326416
 
1325 3.8611507415771484
 
1328 3.868597984313965
 
1330 3.8752620220184326
 
1332 3.882270574569702
 
1336 3.89021372795105
 
1338 3.896693706512451
 
1340 3.904012680053711
 
1342 3.910797357559204
 
1344 3.9176528453826904
 
1347 3.925236940383911
 
1350 3.932201862335205
 
1352 3.940178632736206
 
1355 3.9466850757598877
 
1358 3.9541780948638916
 
1360 3.9612209796905518
 
1362 3.967721939086914
 
1364 3.9751734733581543
 
1367 3.9819564819335938
 
1369 3.99031925201416
 
1372 3.996851682662964
 
1375 4.004247188568115
 
1377 4.011416912078857
 
1380 4.018601179122925
 
1382 4.025232553482056
 
1384 4.032872200012207
 
1387 4.040135860443115
 
1389 4.048661947250366
 
1392 4.055285692214966
 
1395 4.062298536300659
 
1397 4.069531440734863
 
1400 4.0760178565979
 
1402 4.083283185958862
 
1404 4.090360641479492
 
1407 4.0986199378967285
 
1409 4.10555362701416
 
1412 4.112473726272583
 
1414 4.119803428649902
 
1417 4.1263203620910645
 
1419 4.133622884750366
 
1422 4.140546560287476
 
1424 4.1488776206970215
 
1427 4.155667304992676
 
1430 4.162728786468506
 
1432 4.170006990432739
 
1434 4.176502227783203
 
1436 4.1837239265441895
 
1439 4.190654039382935
 
1442 4.199228525161743
 
1444 4.205758571624756
 
1447 4.212846517562866
 
1450 4.220100402832031
 
1453 4.230852842330933
 
1455 4.2377769947052
 
1458 4.246252775192261
 
1460 4.253701686859131
 
1463 4.260663747787476
 
1465 4.267480134963989
 
1468 4.274649620056152
 
1470 4.281655788421631
 
1473 4.289326906204224
 
1476 4.296576976776123
 
1478 4.303814649581909
 
1480 4.310723543167114
 
1482 4.317537546157837
 
1485 4.324733018875122
 
1488 4.331702470779419
 
1490 4.338907480239868
 
1493 4.346608638763428
 
1495 4.353950262069702
 
1498 4.360744476318359
 
1500 4.3675408363342285
 
1503 4.374803066253662
 
1505 4.3817970752716064
 
1508 4.389245986938477
 
1510 4.396494626998901
 
1513 4.4040281772613525
 
1515 4.4108288288116455
 
1517 4.417626619338989
 
1520 4.424866676330566
 
1522 4.431920289993286
 
1525 4.439372777938843
 
1528 4.445907354354858
 
1530 4.453999042510986
 
1532 4.460841655731201
 
1534 4.46816611289978
 
1537 4.475491046905518
 
1540 4.4822986125946045
 
1542 4.489660978317261
 
1545 4.496125221252441
 
1548 4.50408935546875
 
1550 4.510883569717407
 
1552 4.517664670944214
 
1554 4.525267601013184
 
1557 4.532243728637695
 
1559 4.539512395858765
 
1562 4.545992374420166
 
1565 4.554020404815674
 
1567 4.5608320236206055
 
1569 4.567626953125
 
1572 4.574837684631348
 
1574 4.581852674484253
 
1576 4.589463233947754
 
1579 4.595937967300415
 
1582 4.604125499725342
 
1584 4.611259698867798
 
1586 4.618185043334961
 
1588 4.625223636627197
 
1591 4.632266521453857
 
1594 4.639537811279297
 
1596 4.646161079406738
 
1599 4.654270172119141
 
1601 4.661420822143555
 
1604 4.668627023696899
 
1606 4.675306797027588
 
1608 4.682256698608398
 
1611 4.689485549926758
 
1614 4.6959757804870605
 
1616 4.704306125640869
 
1618 4.711400985717773
 
1620 4.718577861785889
 
1623 4.725261211395264
 
1626 4.732428789138794
 
1628 4.739696741104126
 
1631 4.7461628913879395
 
1634 4.754317283630371
 
1636 4.761411190032959
 
1638 4.768747091293335
 
1640 4.775526523590088
 
1643 4.782361745834351
 
1645 4.789579153060913
 
1648 4.796037435531616
 
1651 4.804171800613403
 
1653 4.811272621154785
 
1655 4.818160533905029
 
1658 4.825385808944702
 
1660 4.832275390625
 
1662 4.8395607471466064
 
1665 4.84601902961731
 
1667 4.854095697402954
 
1670 4.861183404922485
 
1673 4.868668794631958
 
1675 4.875333786010742
 
1678 4.882431268692017
 
1680 4.889720678329468
 
1682 4.896247386932373
 
1684 4.904220104217529
 
1687 4.911457300186157
 
1690 4.918713331222534
 
1692 4.925408363342285
 
1695 4.9323649406433105
 
1697 4.939617395401001
 
1700 4.946250677108765
 
1702 4.953434228897095
 
1704 4.961517333984375
 
1707 4.968689203262329
 
1710 4.975359678268433
 
1712 4.982369661331177
 
1714 4.989622592926025
 
1717 4.996257543563843
 
1719 5.0036375522613525
 
