0 0.011507272720336914
 
1 0.019317150115966797
 
2 0.025534391403198242
 
2 0.0320894718170166
 
4 0.039524078369140625
 
6 0.04561591148376465
 
8 0.05219841003417969
 
10 0.05920577049255371
 
13 0.06535625457763672
 
20 0.08275198936462402
 
24 0.08951282501220703
 
28 0.09587764739990234
 
30 0.1031792163848877
 
35 0.10978293418884277
 
38 0.11590886116027832
 
48 0.1346592903137207
 
56 0.1460425853729248
 
64 0.16253018379211426
 
74 0.17603135108947754
 
83 0.19191598892211914
 
90 0.2039499282836914
 
96 0.21483635902404785
 
100 0.22172307968139648
 
105 0.22966289520263672
 
108 0.23625922203063965
 
112 0.24379992485046387
 
116 0.25457072257995605
 
126 0.2712414264678955
 
132 0.28214550018310547
 
136 0.2897028923034668
 
140 0.295839786529541
 
142 0.30281496047973633
 
146 0.3095419406890869
 
149 0.3174011707305908
 
153 0.32387542724609375
 
156 0.3305840492248535
 
158 0.3367793560028076
 
162 0.3437337875366211
 
164 0.3501873016357422
 
167 0.35680532455444336
 
170 0.3647944927215576
 
174 0.3720889091491699
 
177 0.379183292388916
 
179 0.3856358528137207
 
182 0.39348745346069336
 
184 0.4000358581542969
 
187 0.40654659271240234
 
190 0.41333818435668945
 
192 0.421142578125
 
194 0.4279625415802002
 
197 0.4341895580291748
 
199 0.4411430358886719
 
202 0.4479491710662842
 
204 0.4546997547149658
 
206 0.4613175392150879
 
210 0.47016191482543945
 
211 0.4766964912414551
 
214 0.4837837219238281
 
216 0.4902384281158447
 
218 0.4973156452178955
 
220 0.5038096904754639
 
222 0.5105457305908203
 
224 0.5213115215301514
 
227 0.5305361747741699
 
230 0.5394389629364014
 
232 0.5489189624786377
 
235 0.5585329532623291
 
238 0.5694770812988281
 
240 0.579617977142334
 
243 0.5896108150482178
 
245 0.5994043350219727
 
248 0.6096923351287842
 
249 0.618823766708374
 
250 0.6250321865081787
 
252 0.6317477226257324
 
254 0.6387894153594971
 
255 0.6449120044708252
 
257 0.6515960693359375
 
258 0.6608214378356934
 
260 0.6677608489990234
 
261 0.6749832630157471
 
263 0.6816434860229492
 
264 0.688683271408081
 
265 0.6948070526123047
 
266 0.7014410495758057
 
268 0.7082428932189941
 
269 0.7146322727203369
 
270 0.7220840454101562
 
272 0.7298288345336914
 
272 0.7364916801452637
 
274 0.7435150146484375
 
275 0.7500429153442383
 
276 0.7565443515777588
 
277 0.7634732723236084
 
278 0.7728548049926758
 
280 0.7795681953430176
 
280 0.7856771945953369
 
282 0.7928464412689209
 
283 0.7995798587799072
 
284 0.8056926727294922
 
284 0.8126842975616455
 
286 0.8193609714508057
 
286 0.8265154361724854
 
287 0.8332674503326416
 
288 0.8399205207824707
 
289 0.8460526466369629
 
290 0.8533129692077637
 
291 0.8614146709442139
 
292 0.86885666847229
 
293 0.8758738040924072
 
294 0.882868766784668
 
294 0.8895783424377441
 
295 0.895667314529419
 
296 0.9025185108184814
 
296 0.9093637466430664
 
297 0.9156038761138916
 
298 0.9233653545379639
 
298 0.9300391674041748
 
299 0.9365174770355225
 
300 0.9433066844940186
 
300 0.9505572319030762
 
301 0.9567267894744873
 
302 0.9635715484619141
 
302 0.9700675010681152
 
302 0.9789242744445801
 
303 0.9850630760192871
 
304 0.9916980266571045
 
304 0.9987637996673584
 
305 1.0050270557403564
 
306 1.011672019958496
 
306 1.0186493396759033
 
307 1.025557518005371
 
307 1.0333549976348877
 
308 1.0405888557434082
 
308 1.0467567443847656
 
309 1.0535614490509033
 
309 1.0600879192352295
 
310 1.0666167736053467
 
311 1.0799169540405273
 
311 1.0865607261657715
 
312 1.0956814289093018
 
312 1.1037960052490234
 
313 1.110262393951416
 
313 1.1167125701904297
 
314 1.1234605312347412
 
314 1.1313531398773193
 
314 1.1381425857543945
 
315 1.144153356552124
 
315 1.1512937545776367
 
316 1.158146619796753
 
316 1.1641664505004883
 
316 1.1711156368255615
 
317 1.1788570880889893
 
317 1.1849944591522217
 
318 1.1917495727539062
 
318 1.1987786293029785
 
318 1.2048561573028564
 
318 1.2116765975952148
 
319 1.2187073230743408
 
319 1.2247939109802246
 
320 1.2322158813476562
 
320 1.2392237186431885
 
320 1.245347261428833
 
320 1.2519640922546387
 
321 1.2590112686157227
 
321 1.2652981281280518
 
322 1.2720773220062256
 
322 1.2806367874145508
 
322 1.2867896556854248
 
322 1.2935881614685059
 
323 1.3001224994659424
 
323 1.3066153526306152
 
323 1.313453197479248
 
324 1.3199501037597656
 
324 1.3265116214752197
 
324 1.3346343040466309
 
324 1.3412327766418457
 
324 1.3480091094970703
 
324 1.3540422916412354
 
325 1.360806941986084
 
325 1.367356777191162
 
325 1.3737952709197998
 
325 1.3819491863250732
 
326 1.3889930248260498
 
326 1.3953015804290771
 
326 1.40193772315979
 
326 1.4090120792388916
 
326 1.4151368141174316
 
326 1.421729326248169
 
326 1.4286973476409912
 
327 1.4355835914611816
 
327 1.4422123432159424
 
327 1.4491846561431885
 
328 1.4554178714752197
 
328 1.4620699882507324
 
328 1.4691736698150635
 
328 1.4752802848815918
 
328 1.4828770160675049
 
328 1.4896535873413086
 
329 1.49574613571167
 
329 1.5025889873504639
 
329 1.509354829788208
 
330 1.5155956745147705
 
330 1.5268011093139648
 
330 1.5346403121948242
 
330 1.541320562362671
 
330 1.5481047630310059
 
330 1.5541315078735352
 
331 1.5610988140106201
 
331 1.5678865909576416
 
332 1.5741283893585205
 
332 1.5812311172485352
 
332 1.5894403457641602
 
332 1.5955467224121094
 
332 1.6036076545715332
 
332 1.615100622177124
 
332 1.6221494674682617
 
333 1.6291861534118652
 
333 1.6362581253051758
 
333 1.6432089805603027
 
333 1.6498007774353027
 
333 1.656243085861206
 
334 1.6631877422332764
 
334 1.6698031425476074
 
334 1.6758849620819092
 
334 1.6828651428222656
 
334 1.6905601024627686
 
334 1.702077865600586
 
334 1.7102725505828857
 
334 1.7167229652404785
 
334 1.7255845069885254
 
335 1.735121726989746
 
335 1.7428581714630127
 
335 1.7498910427093506
 
335 1.756542444229126
 
335 1.7632710933685303
 
335 1.7698566913604736
 
335 1.776679277420044
 
335 1.7886040210723877
 
335 1.794804334640503
 
335 1.8015661239624023
 
335 1.8093557357788086
 
335 1.8159406185150146
 
335 1.8228895664215088
 
335 1.8295984268188477
 
335 1.8357055187225342
 
335 1.8433735370635986
 
335 1.8499653339385986
 
335 1.8560748100280762
 
335 1.8631534576416016
 
335 1.8722507953643799
 
335 1.8806891441345215
 
335 1.8868176937103271
 
335 1.8947370052337646
 
335 1.9013409614562988
 
335 1.908144235610962
 
335 1.9146418571472168
 
335 1.9212424755096436
 
335 1.9285709857940674
 
335 1.9349114894866943
 
335 1.942594289779663
 
335 1.9493417739868164
 
335 1.9556026458740234
 
335 1.9622564315795898
 
335 1.9692721366882324
 
335 1.9753847122192383
 
335 1.9820101261138916
 
335 1.9891047477722168
 
335 1.9962494373321533
 
335 2.0031697750091553
 
335 2.009819507598877
 
335 2.0159313678741455
 
335 2.022897720336914
 
335 2.029569149017334
 
335 2.0360183715820312
 
335 2.0441582202911377
 
335 2.0512468814849854
 
335 2.0580503940582275
 
335 2.0640158653259277
 
335 2.0708091259002686
 
335 2.0842196941375732
 
335 2.0919198989868164
 
335 2.0990915298461914
 
335 2.1053969860076904
 
335 2.114248752593994
 
335 2.121196985244751
 
335 2.127983331680298
 
335 2.135387420654297
 
335 2.14408016204834
 
335 2.150841474533081
 
335 2.1573517322540283
 
335 2.1638011932373047
 
335 2.170255661010742
 
335 2.177351951599121
 
335 2.1837992668151855
 
335 2.190207004547119
 
335 2.199435234069824
 
335 2.20552659034729
 
335 2.2121403217315674
 
335 2.2191989421844482
 
335 2.225250244140625
 
335 2.2319796085357666
 
335 2.2390198707580566
 
335 2.245823860168457
 
335 2.2527801990509033
 
335 2.2594642639160156
 
335 2.2655556201934814
 
335 2.2721781730651855
 
335 2.2791919708251953
 
335 2.2852632999420166
 
335 2.292022943496704
 
335 2.299823045730591
 
335 2.3062174320220947
 
335 2.3131604194641113
 
335 2.3197474479675293
 
335 2.3258397579193115
 
335 2.332866907119751
 
335 2.3394906520843506
 
335 2.346686601638794
 
335 2.3537893295288086
 
335 2.3602147102355957
 
335 2.3679144382476807
 
335 2.3746399879455566
 
335 2.381619691848755
 
335 2.38859486579895
 
335 2.3947620391845703
 
335 2.402169704437256
 
335 2.409782886505127
 
335 2.4160327911376953
 
335 2.4230782985687256
 
335 2.4296674728393555
 
335 2.439981698989868
 
335 2.4461944103240967
 
335 2.45389723777771
 
335 2.460542678833008
 
335 2.466728448867798
 
335 2.4738030433654785
 
335 2.480236291885376
 
335 2.486684560775757
 
335 2.493497848510742
 
335 2.5011332035064697
 
335 2.508493423461914
 
335 2.5153985023498535
 
335 2.5220024585723877
 
335 2.5289978981018066
 
335 2.5352888107299805
 
335 2.541849374771118
 
335 2.5494556427001953
 
335 2.555584192276001
 
335 2.5626778602600098
 
335 2.569345474243164
 
335 2.5754449367523193
 
335 2.582047700881958
 
335 2.589094400405884
 
335 2.5977985858917236
 
335 2.6078755855560303
 
335 2.6168386936187744
 
335 2.62563157081604
 
335 2.6349050998687744
 
335 2.6436121463775635
 
335 2.653934955596924
 
335 2.6632156372070312
 
335 2.6718051433563232
 
335 2.6808857917785645
 
335 2.6892261505126953
 
335 2.6954474449157715
 
335 2.703852891921997
 
335 2.7129054069519043
 
335 2.719566822052002
 
335 2.7266783714294434
 
335 2.73346209526062
 
335 2.739936113357544
 
335 2.7459828853607178
 
335 2.753910541534424
 
335 2.7606046199798584
 
335 2.766726493835449
 
335 2.77375864982605
 
335 2.7801673412323
 
335 2.7866721153259277
 
335 2.793910264968872
 
335 2.8005921840667725
 
335 2.8086154460906982
 
335 2.814770460128784
 
335 2.821514844894409
 
335 2.828265428543091
 
335 2.834804058074951
 
335 2.8414413928985596
 
335 2.8481662273406982
 
335 2.8552253246307373
 
335 2.8618104457855225
 
335 2.868842601776123
 
335 2.8749096393585205
 
335 2.8815252780914307
 
335 2.888493061065674
 
335 2.8951995372772217
 
335 2.9017441272735596
 
335 2.9094250202178955
 
335 2.915951728820801
 
335 2.9228920936584473
 
335 2.9295289516448975
 
335 2.9355826377868652
 
335 2.9421629905700684
 
335 2.9491825103759766
 
335 2.9564688205718994
 
335 2.963247060775757
 
335 2.9698057174682617
 
335 2.975944757461548
 
335 2.982870578765869
 
335 2.9895596504211426
 
335 2.995635747909546
 
335 3.002248764038086
 
335 3.010067939758301
 
335 3.017902135848999
 
335 3.0239357948303223
 
335 3.030642509460449
 
335 3.0368123054504395
 
335 3.0436060428619385
 
335 3.050095558166504
 
335 3.0581793785095215
 
335 3.0641963481903076
 
335 3.071686029434204
 
335 3.0839622020721436
 
335 3.0906410217285156
 
335 3.09734845161438
 
335 3.103968381881714
 
335 3.111459970474243
 
335 3.118197441101074
 
335 3.1250216960906982
 
335 3.1317975521087646
 
335 3.1388442516326904
 
335 3.14495587348938
 
335 3.151585578918457
 
335 3.1591553688049316
 
335 3.1652607917785645
 
335 3.1718125343322754
 
335 3.1788077354431152
 
335 3.1852903366088867
 
335 3.1920690536499023
 
335 3.1991474628448486
 
335 3.205232858657837
 
335 3.213749647140503
 
335 3.220830202102661
 
335 3.2273848056793213
 
335 3.2338647842407227
 
335 3.2405667304992676
 
335 3.2467145919799805
 
335 3.253757953643799
 
335 3.2614598274230957
 
335 3.2681920528411865
 
335 3.2742161750793457
 
335 3.2811124324798584
 
335 3.2878258228302
 
335 3.2938482761383057
 
335 3.300269842147827
 
335 3.306687593460083
 
335 3.31881046295166
 
335 3.325361490249634
 
335 3.3319740295410156
 
335 3.3390486240386963
 
335 3.345327377319336
 
335 3.3519434928894043
 
335 3.3589365482330322
 
335 3.3657386302948
 
335 3.37284779548645
 
335 3.3794965744018555
 
335 3.385572910308838
 
335 3.39223051071167
 
335 3.3992230892181396
 
335 3.405341863632202
 
335 3.413090705871582
 
335 3.4196932315826416
 
335 3.425760269165039
 
335 3.433371067047119
 
335 3.4399242401123047
 
335 3.445993185043335
 
335 3.453033924102783
 
335 3.4596638679504395
 
335 3.466844081878662
 
335 3.473850727081299
 
335 3.4802589416503906
 
335 3.4867606163024902
 
335 3.493824005126953
 
335 3.500246047973633
 
335 3.5066962242126465
 
335 3.5142152309417725
 
335 3.521149158477783
 
335 3.5278449058532715
 
335 3.5347166061401367
 
335 3.5413219928741455
 
335 3.548056125640869
 
335 3.554246187210083
 
335 3.56115984916687
 
335 3.568972587585449
 
335 3.5750954151153564
 
335 3.5816807746887207
 
335 3.588669776916504
 
335 3.5947954654693604
 
335 3.601608991622925
 
335 3.608578681945801
 
335 3.6156179904937744
 
335 3.6222422122955322
 
335 3.629265069961548
 
335 3.635791301727295
 
335 3.6427054405212402
 
335 3.6493663787841797
 
335 3.655540704727173
 
335 3.6621484756469727
 
335 3.6699318885803223
 
335 3.676542282104492
 
335 3.6833553314208984
 
335 3.689950704574585
 
335 3.6960597038269043
 
335 3.703082799911499
 
335 3.7097718715667725
 
335 3.7182412147521973
 
335 3.727417230606079
 
335 3.7350947856903076
 
335 3.7417261600494385
 
335 3.748702049255371
 
335 3.754821300506592
 
335 3.7614142894744873
 
335 3.7691919803619385
 
335 3.7752814292907715
 
335 3.7819101810455322
 
335 3.7888853549957275
 
335 3.795171022415161
 
335 3.801757574081421
 
335 3.8087728023529053
 
335 3.8148632049560547
 
335 3.82222056388855
 
335 3.829202175140381
 
335 3.8352997303009033
 
335 3.8418993949890137
 
335 3.848991870880127
 
335 3.8552563190460205
 
335 3.861997127532959
 
335 3.8697516918182373
 
335 3.875887393951416
 
335 3.882857084274292
 
335 3.8894896507263184
 
335 3.895604133605957
 
335 3.902186393737793
 
335 3.9092025756835938
 
335 3.9165735244750977
 
335 3.924205780029297
 
335 3.931138515472412
 
335 3.9378933906555176
 
335 3.9448249340057373
 
335 3.95147967338562
 
335 3.9582483768463135
 
335 3.9645702838897705
 
335 3.9727866649627686
 
335 3.980807304382324
 
335 3.987349510192871
 
335 3.993960380554199
 
335 4.0007054805755615
 
335 4.006826639175415
 
335 4.013604164123535
 
335 4.020099639892578
 
335 4.028179407119751
 
335 4.03480339050293
 
335 4.04145073890686
 
335 4.048194169998169
 
335 4.054235458374023
 
335 4.061141729354858
 
335 4.068165063858032
 
335 4.085540294647217
 
335 4.0940024852752686
 
335 4.1030802726745605
 
335 4.110073566436768
 
335 4.116722345352173
 
335 4.125617504119873
 
335 4.133273124694824
 
335 4.141582489013672
 
335 4.149207830429077
 
335 4.155443906784058
 
335 4.162070035934448
 
335 4.169148921966553
 
335 4.176601886749268
 
335 4.184910535812378
 
335 4.1918134689331055
 
335 4.200227737426758
 
335 4.206651210784912
 
335 4.213707685470581
 
335 4.22009539604187
 
335 4.228091239929199
 
335 4.234118938446045
 
335 4.240878343582153
 
335 4.247408866882324
 
335 4.253992319107056
 
335 4.260700464248657
 
335 4.266832590103149
 
335 4.2738776206970215
 
335 4.2816245555877686
 
335 4.288599967956543
 
335 4.2947187423706055
 
335 4.301332950592041
 
335 4.308074474334717
 
335 4.3140809535980225
 
335 4.320841073989868
 
335 4.328893423080444
 
335 4.335227727890015
 
335 4.341792583465576
 
335 4.349199295043945
 
335 4.355299234390259
 
335 4.361864805221558
 
335 4.368850946426392
 
335 4.3749260902404785
 
335 4.382773399353027
 
335 4.389464378356934
 
335 4.395727872848511
 
335 4.402681350708008
 
335 4.40937352180481
 
335 4.41541314125061
 
335 4.4220640659332275
 
335 4.429810285568237
 
335 4.435920238494873
 
335 4.442849397659302
 
335 4.4495134353637695
 
335 4.455730438232422
 
335 4.463130235671997
 
335 4.469701290130615
 
335 4.475764513015747
 
335 4.484698534011841
 
335 4.492045164108276
 
335 4.499121427536011
 
335 4.505557298660278
 
335 4.512707948684692
 
335 4.519775152206421
 
335 4.526544570922852
 
335 4.534898281097412
 
335 4.5419230461120605
 
335 4.549266338348389
 
335 4.556199312210083
 
335 4.564156532287598
 
335 4.570875883102417
 
335 4.578017711639404
 
335 4.585147380828857
 
335 4.591739177703857
 
335 4.600240468978882
 
335 4.60669469833374
 
335 4.613534927368164
 
335 4.621394157409668
 
335 4.62813663482666
 
335 4.635244369506836
 
335 4.64267373085022
 
335 4.649342060089111
 
335 4.655409574508667
 
335 4.662038564682007
 
335 4.6690874099731445
 
335 4.677331209182739
 
335 4.687859058380127
 
335 4.695984601974487
 
335 4.7085959911346436
 
335 4.716806173324585
 
335 4.728765964508057
 
335 4.739449977874756
 
335 4.749828815460205
 
335 4.759596347808838
 
335 4.768719673156738
 
335 4.7750654220581055
 
335 4.781674146652222
 
335 4.789457559585571
 
335 4.795542240142822
 
335 4.80213475227356
 
335 4.809179067611694
 
335 4.815422296524048
 
335 4.822052717208862
 
335 4.832033395767212
 
335 4.83985710144043
 
335 4.845876455307007
 
335 4.8528337478637695
 
335 4.859484910964966
 
335 4.866084337234497
 
335 4.873272180557251
 
335 4.879843235015869
 
335 4.8878161907196045
 
335 4.893878698348999
 
335 4.900552988052368
 
335 4.907273292541504
 
335 4.913728475570679
 
335 4.921743631362915
 
335 4.928712606430054
 
335 4.93497896194458
 
335 4.942689418792725
 
335 4.949383974075317
 
335 4.955427408218384
 
335 4.962001323699951
 
335 4.969497203826904
 
335 4.975550889968872
 
335 4.982134103775024
 
335 4.989847183227539
 
335 4.996217727661133
 
335 5.003211498260498
 
