0 0.013713359832763672
 
0 0.020410776138305664
 
0 0.027946949005126953
 
0 0.0346074104309082
 
2 0.04372382164001465
 
4 0.05045461654663086
 
4 0.05790138244628906
 
6 0.06440210342407227
 
8 0.07121467590332031
 
10 0.07859516143798828
 
12 0.08517146110534668
 
14 0.09333491325378418
 
17 0.10033154487609863
 
20 0.10794591903686523
 
22 0.1144251823425293
 
24 0.12122893333435059
 
27 0.12845230102539062
 
29 0.13495492935180664
 
32 0.14223432540893555
 
36 0.15022683143615723
 
40 0.15782523155212402
 
43 0.16449761390686035
 
46 0.17139315605163574
 
50 0.17862415313720703
 
52 0.18505477905273438
 
54 0.1922435760498047
 
57 0.20023775100708008
 
60 0.2073965072631836
 
62 0.21412920951843262
 
64 0.22108030319213867
 
68 0.22836613655090332
 
72 0.2399311065673828
 
77 0.2483832836151123
 
80 0.2550780773162842
 
84 0.26265573501586914
 
88 0.2697622776031494
 
92 0.27712178230285645
 
97 0.2841148376464844
 
102 0.2911820411682129
 
107 0.2993052005767822
 
112 0.30614805221557617
 
117 0.31382250785827637
 
123 0.3207087516784668
 
127 0.32795143127441406
 
131 0.33444833755493164
 
137 0.34175920486450195
 
142 0.34937071800231934
 
147 0.35616087913513184
 
152 0.36328983306884766
 
156 0.3702981472015381
 
161 0.37767744064331055
 
165 0.3841884136199951
 
170 0.39102745056152344
 
174 0.3990359306335449
 
177 0.4059927463531494
 
181 0.413043737411499
 
184 0.4201931953430176
 
188 0.4277658462524414
 
190 0.4342653751373291
 
194 0.4411482810974121
 
198 0.44912290573120117
 
200 0.45597243309020996
 
204 0.46327662467956543
 
207 0.47024059295654297
 
211 0.47740602493286133
 
214 0.4841766357421875
 
218 0.49106478691101074
 
222 0.49831223487854004
 
226 0.5059623718261719
 
231 0.5131759643554688
 
235 0.520186185836792
 
240 0.5277426242828369
 
244 0.5342488288879395
 
249 0.5411312580108643
 
255 0.5483739376068115
 
259 0.5560662746429443
 
264 0.5632588863372803
 
268 0.5702149868011475
 
274 0.5773942470550537
 
278 0.5842876434326172
 
283 0.5911316871643066
 
288 0.5983633995056152
 
291 0.6054408550262451
 
296 0.6127521991729736
 
299 0.6198039054870605
 
302 0.6262664794921875
 
306 0.6334450244903564
 
310 0.6404275894165039
 
313 0.6480164527893066
 
317 0.6552069187164307
 
320 0.6625444889068604
 
324 0.669358491897583
 
326 0.6761000156402588
 
330 0.6834118366241455
 
334 0.6904478073120117
 
338 0.6978709697723389
 
342 0.7052955627441406
 
346 0.7125675678253174
 
350 0.7193648815155029
 
353 0.726111888885498
 
358 0.7332763671875
 
362 0.7402355670928955
 
367 0.7474141120910645
 
372 0.7548637390136719
 
376 0.7622368335723877
 
381 0.769108772277832
 
385 0.7758405208587646
 
390 0.7828786373138428
 
394 0.7899506092071533
 
398 0.7971370220184326
 
404 0.8045947551727295
 
408 0.8118512630462646
 
413 0.8188409805297852
 
416 0.8254189491271973
 
421 0.832848310470581
 
424 0.8399341106414795
 
427 0.8466939926147461
 
432 0.8543567657470703
 
436 0.8613269329071045
 
440 0.8685791492462158
 
443 0.8750138282775879
 
446 0.8825092315673828
 
450 0.8892972469329834
 
453 0.8960793018341064
 
457 0.903214693069458
 
462 0.911146879196167
 
466 0.9184324741363525
 
469 0.9249057769775391
 
472 0.9320180416107178
 
477 0.9389426708221436
 
480 0.9459125995635986
 
485 0.9528896808624268
 
490 0.9608821868896484
 
494 0.9680769443511963
 
499 0.9745087623596191
 
502 0.9814028739929199
 
508 0.9886264801025391
 
511 0.9950547218322754
 
515 1.0025229454040527
 
520 1.0102567672729492
 
525 1.0174167156219482
 
529 1.0242881774902344
 
534 1.031121015548706
 
538 1.0384347438812256
 
542 1.0459110736846924
 
546 1.05299973487854
 
551 1.0610463619232178
 
554 1.0682470798492432
 
558 1.0748600959777832
 
562 1.0819995403289795
 
566 1.0889487266540527
 
569 1.0954322814941406
 
573 1.102809190750122
 
578 1.1107323169708252
 
580 1.1179845333099365
 
585 1.1246051788330078
 
588 1.1314160823822021
 
592 1.1387231349945068
 
596 1.1451499462127686
 
599 1.1523542404174805
 
604 1.160325288772583
 
608 1.16768217086792
 
612 1.1741816997528076
 
617 1.1812117099761963
 
622 1.1884865760803223
 
625 1.1949419975280762
 
629 1.202300786972046
 
634 1.210235357284546
 
639 1.217402696609497
 
642 1.224151849746704
 
647 1.2309582233428955
 
654 1.242830514907837
 
658 1.2499115467071533
 
663 1.2572317123413086
 
668 1.2650213241577148
 
671 1.2722139358520508
 
676 1.2790968418121338
 
679 1.2857983112335205
 
683 1.2928049564361572
 
686 1.2999036312103271
 
691 1.307210922241211
 
695 1.3147826194763184
 
698 1.3218872547149658
 
703 1.3288321495056152
 
706 1.3354332447052002
 
710 1.342693567276001
 
714 1.349703073501587
 
717 1.3562119007110596
 
722 1.3646438121795654
 
726 1.371781349182129
 
730 1.3788352012634277
 
734 1.3852744102478027
 
738 1.3925490379333496
 
742 1.399282693862915
 
746 1.4060473442077637
 
750 1.414243221282959
 
755 1.421280860900879
 
760 1.4285168647766113
 
764 1.43495774269104
 
767 1.4421133995056152
 
772 1.4489684104919434
 
776 1.4554080963134766
 
780 1.4642550945281982
 
785 1.4711353778839111
 
790 1.4783787727355957
 
793 1.4849941730499268
 
796 1.4921653270721436
 
801 1.499131202697754
 
804 1.505911111831665
 
809 1.5128979682922363
 
814 1.5208015441894531
 
817 1.5280537605285645
 
821 1.5344839096069336
 
825 1.5417487621307373
 
829 1.548799753189087
 
832 1.555225133895874
 
836 1.5625097751617432
 
840 1.5704100131988525
 
845 1.5778155326843262
 
848 1.5843267440795898
 
852 1.5916926860809326
 
857 1.5987005233764648
 
860 1.6052830219268799
 
865 1.6125648021697998
 
870 1.6204662322998047
 
873 1.6278724670410156
 
877 1.6343400478363037
 
881 1.641244888305664
 
886 1.648559808731079
 
890 1.654984712600708
 
893 1.6623423099517822
 
898 1.6702377796173096
 
903 1.6774342060089111
 
906 1.6842036247253418
 
911 1.6911227703094482
 
916 1.6983757019042969
 
919 1.704847812652588
 
922 1.7119224071502686
 
927 1.719959020614624
 
932 1.7272818088531494
 
935 1.733870506286621
 
940 1.7407028675079346
 
943 1.7479221820831299
 
948 1.7544448375701904
 
951 1.7613019943237305
 
955 1.7692465782165527
 
958 1.7760274410247803
 
963 1.7833502292633057
 
966 1.7903096675872803
 
971 1.797696828842163
 
974 1.8042147159576416
 
979 1.8110766410827637
 
982 1.8190035820007324
 
987 1.8258180618286133
 
992 1.8328194618225098
 
995 1.8399028778076172
 
1000 1.847264051437378
 
1003 1.8541107177734375
 
1008 1.8608872890472412
 
1011 1.8681046962738037
 
1016 1.875312089920044
 
1020 1.8825726509094238
 
1024 1.889343023300171
 
1028 1.8961036205291748
 
1032 1.9036824703216553
 
1037 1.9104597568511963
 
1040 1.917952060699463
 
1045 1.9250614643096924
 
1048 1.9322829246520996
 
1053 1.9390830993652344
 
1056 1.9458518028259277
 
1061 1.952866554260254
 
1064 1.9599435329437256
 
1069 1.9672324657440186
 
1074 1.9748070240020752
 
1077 1.9821319580078125
 
1081 1.9890260696411133
 
1085 1.9957389831542969
 
1089 2.0027718544006348
 
1092 2.009934902191162
 
1096 2.0167267322540283
 
1102 2.024735927581787
 
1105 2.0318150520324707
 
1110 2.0388145446777344
 
1113 2.0462794303894043
 
1118 2.0534398555755615
 
1121 2.060398817062378
 
1126 2.0677804946899414
 
1130 2.075070858001709
 
1134 2.082549571990967
 
1138 2.0893714427948
 
1142 2.096097469329834
 
1146 2.1032655239105225
 
1150 2.110215187072754
 
1154 2.1178042888641357
 
1159 2.1250624656677246
 
1163 2.1323280334472656
 
1167 2.139209508895874
 
1171 2.1461029052734375
 
1176 2.15325665473938
 
1179 2.160252094268799
 
1184 2.16741681098938
 
1187 2.174773693084717
 
1192 2.1818628311157227
 
1196 2.1888139247894287
 
1200 2.195211887359619
 
1204 2.2026994228363037
 
1208 2.209733247756958
 
1211 2.216233015060425
 
1216 2.2233645915985107
 
1227 2.2432284355163574
 
1230 2.2501838207244873
 
1234 2.257779359817505
 
1239 2.2647252082824707
 
1242 2.272019386291504
 
1251 2.2851099967956543
 
1259 2.298924207687378
 
1268 2.314664363861084
 
1274 2.3301682472229004
 
1285 2.3445444107055664
 
1292 2.360095739364624
 
1302 2.3727407455444336
 
1308 2.39017915725708
 
1319 2.402620553970337
 
1327 2.420380115509033
 
1334 2.4325108528137207
 
1344 2.450361967086792
 
1354 2.464744806289673
 
1366 2.485088586807251
 
1375 2.5009877681732178
 
1381 2.5114152431488037
 
1385 2.5186448097229004
 
1389 2.5250720977783203
 
1392 2.532294511795044
 
1397 2.5391242504119873
 
1400 2.545959711074829
 
1408 2.5602712631225586
 
1416 2.5744433403015137
 
1422 2.582873821258545
 
1425 2.590360403060913
 
1430 2.5977563858032227
 
1433 2.6042697429656982
 
1438 2.6123411655426025
 
1442 2.6191675662994385
 
1446 2.625920057296753
 
1450 2.6332335472106934
 
1454 2.6401891708374023
 
1458 2.64734148979187
 
1462 2.6540942192077637
 
1467 2.6619017124176025
 
1471 2.66886568069458
 
1475 2.675240993499756
 
1478 2.6825151443481445
 
1482 2.6892943382263184
 
1486 2.696279525756836
 
1491 2.703453779220581
 
1494 2.711387872695923
 
1500 2.7186403274536133
 
1503 2.725071430206299
 
1507 2.7322332859039307
 
1511 2.7390668392181396
 
1515 2.745786190032959
 
1520 2.753028631210327
 
1523 2.7600507736206055
 
1528 2.768376350402832
 
1532 2.7748069763183594
 
1536 2.7819173336029053
 
1540 2.7888453006744385
 
1544 2.795266628265381
 
1547 2.80253529548645
 
1552 2.809324026107788
 
1556 2.818014621734619
 
1561 2.824432373046875
 
1564 2.8313071727752686
 
1569 2.8385839462280273
 
1572 2.8450465202331543
 
1576 2.8522374629974365
 
1580 2.8591196537017822
 
1585 2.867675542831421
 
1588 2.8743033409118652
 
1593 2.8811404705047607
 
1597 2.8883628845214844
 
1601 2.8949577808380127
 
1604 2.90212082862854
 
1609 2.9089434146881104
 
1613 2.9171929359436035
 
1617 2.923842430114746
 
1621 2.930847406387329
 
1625 2.938051462173462
 
1629 2.9444801807403564
 
1633 2.951303243637085
 
1638 2.958554744720459
 
1641 2.9659931659698486
 
1646 2.973034620285034
 
1649 2.980015277862549
 
1654 2.98716139793396
 
1657 2.9940390586853027
 
1662 3.000831365585327
 
1665 3.008023262023926
 
1670 3.0144693851470947
 
1674 3.0226328372955322
 
1678 3.0294156074523926
 
1681 3.036163806915283
 
1686 3.044412851333618
 
1690 3.051358461380005
 
1695 3.0585546493530273
 
1698 3.0650031566619873
 
1703 3.0731115341186523
 
1706 3.0800886154174805
 
1711 3.0871994495391846
 
1714 3.09376859664917
 
1719 3.100712299346924
 
1722 3.1078879833221436
 
1727 3.1145105361938477
 
1730 3.1224536895751953
 
1735 3.129265069961548
 
1738 3.1359899044036865
 
1743 3.143177032470703
 
1746 3.1501452922821045
 
1751 3.1576924324035645
 
1754 3.164186477661133
 
1759 3.1721527576446533
 
1764 3.17895245552063
 
1767 3.185368061065674
 
1772 3.192643404006958
 
1775 3.1994049549102783
 
1778 3.2061519622802734
 
1783 3.2132997512817383
 
1788 3.221251964569092
 
1792 3.228435754776001
 
1798 3.2391486167907715
 
1802 3.2460358142852783
 
1806 3.253333330154419
 
1810 3.2604122161865234
 
1814 3.2680039405822754
 
1818 3.275416612625122
 
1823 3.2828688621520996
 
1826 3.289919853210449
 
1831 3.2972707748413086
 
1834 3.303851842880249
 
1839 3.3107423782348633
 
1842 3.3179502487182617
 
1847 3.3251521587371826
 
1850 3.332320213317871
 
1855 3.3391685485839844
 
1858 3.3459556102752686
 
1863 3.3532397747039795
 
1866 3.3601930141448975
 
1871 3.3673818111419678
 
1876 3.3748552799224854
 
1879 3.3819875717163086
 
1884 3.388899087905884
 
1887 3.3952808380126953
 
1891 3.402556896209717
 
1896 3.4093503952026367
 
1899 3.4167165756225586
 
1905 3.4246325492858887
 
1908 3.431692600250244
 
1913 3.438678741455078
 
1916 3.4451074600219727
 
1920 3.4522628784179688
 
1924 3.459078788757324
 
1928 3.465794324874878
 
1932 3.474179267883301
 
1937 3.481003761291504
 
1940 3.488197088241577
 
1945 3.4946177005767822
 
1948 3.5017597675323486
 
1953 3.5087409019470215
 
1956 3.515162229537964
 
1960 3.522334098815918
 
1964 3.5303268432617188
 
1969 3.5379292964935303
 
1974 3.544538974761963
 
1977 3.551363468170166
 
1982 3.55865740776062
 
1985 3.565094470977783
 
1988 3.572289228439331
 
1993 3.580171823501587
 
1998 3.5873827934265137
 
2001 3.594265937805176
 
2006 3.601104736328125
 
2009 3.608347177505493
 
2014 3.614840269088745
 
2017 3.621915578842163
 
2022 3.6299612522125244
 
2025 3.6367456912994385
 
2030 3.643747091293335
 
2034 3.650839328765869
 
2038 3.6580684185028076
 
2042 3.664496421813965
 
2046 3.671788454055786
 
2050 3.67972731590271
 
2054 3.6861953735351562
 
2058 3.693326473236084
 
2062 3.700294017791748
 
2066 3.7074227333068848
 
2070 3.7143378257751465
 
2074 3.721160411834717
 
2079 3.7291150093078613
 
2082 3.7358508110046387
 
2087 3.7428669929504395
 
2090 3.7499585151672363
 
2094 3.7567310333251953
 
2098 3.763709306716919
 
2102 3.7704286575317383
 
2108 3.7787017822265625
 
2111 3.785118341445923
 
2114 3.792262077331543
 
2119 3.7991106510162354
 
2122 3.806034803390503
 
2127 3.8131659030914307
 
2130 3.8201210498809814
 
2135 3.8272669315338135
 
2140 3.834773540496826
 
2143 3.8418166637420654
 
2148 3.8488364219665527
 
2151 3.8552346229553223
 
2155 3.8625128269195557
 
2159 3.869354248046875
 
2163 3.876127243041992
 
2168 3.8844265937805176
 
2172 3.8913984298706055
 
2176 3.898608446121216
 
2180 3.905064105987549
 
2184 3.9122321605682373
 
2188 3.9191246032714844
 
2192 3.9258856773376465
 
2196 3.934338092803955
 
2200 3.9411427974700928
 
2205 3.948434591293335
 
2208 3.9550702571868896
 
2212 3.962240695953369
 
2216 3.9690914154052734
 
2220 3.9758119583129883
 
2224 3.984036922454834
 
2229 3.99079966545105
 
2232 3.998016119003296
 
2237 4.004455327987671
 
2240 4.011422634124756
 
2245 4.018700361251831
 
2248 4.0251305103302
 
2253 4.033339262008667
 
2256 4.041156530380249
 
2262 4.048502683639526
 
2266 4.054915904998779
 
2270 4.0622398853302
 
2274 4.069124937057495
 
2278 4.076094150543213
 
2282 4.0843284130096436
 
2287 4.0911595821380615
 
2291 4.0984110832214355
 
2295 4.104902982711792
 
2298 4.111953973770142
 
2303 4.118854522705078
 
2306 4.125275135040283
 
2311 4.133843421936035
 
2315 4.140773057937622
 
2319 4.148019313812256
 
2323 4.154443264007568
 
2327 4.161299467086792
 
2331 4.168530702590942
 
2334 4.174995183944702
 
2338 4.182183027267456
 
2342 4.1901819705963135
 
2347 4.197742938995361
 
2350 4.204273223876953
 
2355 4.211136341094971
 
2360 4.218367338180542
 
2363 4.224820852279663
 
2367 4.231908082962036
 
2378 4.251048803329468
 
2382 4.258302688598633
 
2386 4.264985799789429
 
2390 4.2723166942596436
 
2394 4.279168605804443
 
2399 4.287686347961426
 
2402 4.294208526611328
 
2407 4.301062345504761
 
2410 4.308246850967407
 
2415 4.314852237701416
 
2418 4.3221893310546875
 
2423 4.329107999801636
 
2428 4.337427616119385
 
2431 4.3441526889801025
 
2436 4.350972414016724
 
2439 4.358201742172241
 
2444 4.364619255065918
 
2447 4.371875524520874
 
2452 4.3788161277771
 
2455 4.385187387466431
 
2460 4.393285274505615
 
2463 4.4002368450164795
 
2468 4.407414674758911
 
2471 4.41416597366333
 
2476 4.420997381210327
 
2479 4.4282066822052
 
2484 4.434783220291138
 
2488 4.4427783489227295
 
2492 4.4498186111450195
 
2496 4.457258939743042
 
2500 4.46388578414917
 
2504 4.470743417739868
 
2508 4.478013753890991
 
2512 4.484455347061157
 
2517 4.492561101913452
 
2520 4.499318838119507
 
2524 4.506110191345215
 
2528 4.513250827789307
 
2532 4.520166635513306
 
2537 4.527282238006592
 
2540 4.533891677856445
 
2545 4.541811943054199
 
2549 4.548788070678711
 
2553 4.555371284484863
 
2557 4.5626678466796875
 
2561 4.5694334506988525
 
2564 4.5761730670928955
 
2569 4.583683729171753
 
2573 4.591715335845947
 
2578 4.598669767379761
 
2581 4.605115175247192
 
2584 4.612504005432129
 
2589 4.619324684143066
 
2592 4.62605881690979
 
2597 4.633216619491577
 
2600 4.641109466552734
 
2606 4.648400068283081
 
2610 4.654832363128662
 
2613 4.661901473999023
 
2618 4.668864965438843
 
2622 4.675733327865601
 
2626 4.682759046554565
 
2630 4.68979287147522
 
2634 4.698063850402832
 
2639 4.704544305801392
 
2642 4.71179986000061
 
2647 4.7187700271606445
 
2650 4.725191831588745
 
2655 4.732637405395508
 
2658 4.739403009414673
 
2663 4.747900009155273
 
2666 4.754384994506836
 
2671 4.761204957962036
 
2676 4.768434762954712
 
2679 4.774897575378418
 
2682 4.782002687454224
 
2687 4.78891396522522
 
2692 4.797688007354736
 
2695 4.804200887680054
 
2700 4.811041593551636
 
2703 4.818232536315918
 
2710 4.828430414199829
 
2713 4.834880113601685
 
2717 4.8421924114227295
 
2721 4.850187301635742
 
2726 4.857719659805298
 
2729 4.864244222640991
 
2734 4.871058702468872
 
2738 4.878291130065918
 
2742 4.8847432136535645
 
2746 4.891831874847412
 
2750 4.8994081020355225
 
2754 4.906190633773804
 
2758 4.9136762619018555
 
2762 4.920456886291504
 
2766 4.9278950691223145
 
2770 4.934413433074951
 
2774 4.941204309463501
 
2779 4.949205636978149
 
2782 4.9559667110443115
 
2787 4.963055849075317
 
2790 4.970042705535889
 
2795 4.9774110317230225
 
2798 4.984140157699585
 
2802 4.990948915481567
 
2807 4.998957633972168
 
2810 5.005384922027588
 
