0 0.011972188949584961
 
0 0.018589019775390625
 
1 0.024750947952270508
 
2 0.0313105583190918
 
3 0.03827929496765137
 
5 0.04432868957519531
 
7 0.05183124542236328
 
11 0.05919957160949707
 
13 0.06699442863464355
 
17 0.07302165031433105
 
20 0.07940888404846191
 
23 0.08584237098693848
 
28 0.09250283241271973
 
32 0.09904122352600098
 
35 0.10510492324829102
 
41 0.11327505111694336
 
45 0.12023043632507324
 
49 0.12698650360107422
 
55 0.13298749923706055
 
59 0.13939332962036133
 
63 0.14583325386047363
 
69 0.15260076522827148
 
75 0.16119956970214844
 
80 0.16822361946105957
 
86 0.17447447776794434
 
91 0.18120646476745605
 
97 0.18830108642578125
 
102 0.19436001777648926
 
107 0.2009279727935791
 
111 0.2079005241394043
 
118 0.21471691131591797
 
123 0.22130250930786133
 
129 0.2283308506011963
 
134 0.23456692695617676
 
139 0.24118304252624512
 
144 0.24823570251464844
 
151 0.25435853004455566
 
157 0.26262450218200684
 
162 0.26975107192993164
 
167 0.275890588760376
 
173 0.28267836570739746
 
178 0.28914880752563477
 
183 0.2957749366760254
 
190 0.3025979995727539
 
195 0.3090987205505371
 
201 0.31728601455688477
 
206 0.3232846260070801
 
211 0.3302335739135742
 
216 0.336899995803833
 
223 0.34290099143981934
 
228 0.34929871559143066
 
233 0.3558990955352783
 
239 0.36414051055908203
 
246 0.37072277069091797
 
251 0.3780546188354492
 
256 0.3841218948364258
 
263 0.3907203674316406
 
267 0.3976743221282959
 
272 0.40375781059265137
 
277 0.41072750091552734
 
285 0.4204447269439697
 
292 0.4284510612487793
 
300 0.4373199939727783
 
305 0.4437682628631592
 
310 0.45040202140808105
 
317 0.457136869430542
 
321 0.46312928199768066
 
328 0.47139930725097656
 
335 0.47852587699890137
 
339 0.48458147048950195
 
345 0.49121904373168945
 
351 0.498276948928833
 
356 0.5043706893920898
 
361 0.5109596252441406
 
367 0.518714427947998
 
373 0.5247488021850586
 
377 0.5318076610565186
 
384 0.5384693145751953
 
389 0.5445277690887451
 
394 0.5511641502380371
 
399 0.5582249164581299
 
405 0.5643491744995117
 
412 0.5726306438446045
 
417 0.5790841579437256
 
421 0.5851588249206543
 
425 0.5924234390258789
 
429 0.5989596843719482
 
431 0.6050093173980713
 
434 0.6119692325592041
 
436 0.6192328929901123
 
437 0.6256749629974365
 
438 0.6344985961914062
 
439 0.64111328125
 
438 0.6481249332427979
 
437 0.6547853946685791
 
435 0.6613819599151611
 
433 0.6723649501800537
 
430 0.6793549060821533
 
427 0.6879076957702637
 
423 0.6940138339996338
 
419 0.7017049789428711
 
415 0.7084629535675049
 
412 0.7157704830169678
 
407 0.7240843772888184
 
402 0.7307024002075195
 
398 0.7381150722503662
 
392 0.7480847835540771
 
386 0.7549433708190918
 
382 0.762265682220459
 
376 0.7706611156463623
 
371 0.7781534194946289
 
357 0.7947609424591064
 
353 0.8022618293762207
 
347 0.8088350296020508
 
341 0.8171603679656982
 
330 0.8310062885284424
 
321 0.843022346496582
 
309 0.8583648204803467
 
301 0.8738477230072021
 
288 0.88824462890625
 
275 0.9039428234100342
 
266 0.9159157276153564
 
257 0.9253814220428467
 
252 0.9323294162750244
 
246 0.9389190673828125
 
241 0.9449996948242188
 
236 0.9521987438201904
 
230 0.9592287540435791
 
205 0.9909775257110596
 
190 1.0086398124694824
 
173 1.0340299606323242
 
155 1.0533723831176758
 
139 1.0799543857574463
 
121 1.104200839996338
 
101 1.1185359954833984
 
90 1.132936954498291
 
78 1.1481163501739502
 
65 1.1630847454071045
 
53 1.1818904876708984
 
40 1.196434497833252
 
28 1.209247350692749
 
17 1.2231519222259521
 
10 1.2313783168792725
 
4 1.238297939300537
 
-1 1.2443373203277588
 
-6 1.2508890628814697
 
-11 1.2578060626983643
 
-16 1.2638990879058838
 
-21 1.2704594135284424
 
-27 1.2772395610809326
 
-33 1.2845354080200195
 
-39 1.2911128997802734
 
-43 1.2981278896331787
 
-48 1.304198980331421
 
-55 1.3108055591583252
 
-59 1.3177509307861328
 
-64 1.3239667415618896
 
-71 1.3313372135162354
 
-77 1.3384912014007568
 
-82 1.3447086811065674
 
-87 1.3512985706329346
 
-93 1.358321189880371
 
-98 1.3645787239074707
 
-103 1.3711740970611572
 
-107 1.3781981468200684
 
-115 1.3878452777862549
 
-121 1.393970251083374
 
-127 1.4006915092468262
 
-131 1.4074056148529053
 
-137 1.4137678146362305
 
-141 1.4203689098358154
 
-147 1.4270896911621094
 
-156 1.437352180480957
 
-161 1.443373203277588
 
-165 1.4503018856048584
 
-169 1.4570338726043701
 
-174 1.4639365673065186
 
-178 1.4705264568328857
 
-181 1.4798390865325928
 
-184 1.4877567291259766
 
-185 1.4973156452178955
 
-187 1.503697156906128
 
-187 1.5103607177734375
 
-187 1.5170941352844238
 
-186 1.5232534408569336
 
-185 1.5299670696258545
 
-183 1.5378284454345703
 
-181 1.5439350605010986
 
-177 1.5507855415344238
 
-174 1.5584664344787598
 
-171 1.5645663738250732
 
-168 1.5711662769317627
 
-165 1.5782065391540527
 
-160 1.5852165222167969
 
-155 1.5929203033447266
 
-152 1.5993099212646484
 
-148 1.6057722568511963
 
-143 1.6124696731567383
 
-139 1.6190617084503174
 
-134 1.6253926753997803
 
-130 1.6322951316833496
 
-124 1.6399426460266113
 
-120 1.6470715999603271
 
-114 1.6531014442443848
 
-109 1.6597647666931152
 
-105 1.665898084640503
 
-99 1.6726963520050049
 
-94 1.6791739463806152
 
-88 1.6871709823608398
 
-83 1.6939105987548828
 
-79 1.7006642818450928
 
-73 1.7073900699615479
 
-68 1.713374376296997
 
-63 1.7202730178833008
 
-58 1.7269575595855713
 
-52 1.733025074005127
 
-45 1.7413146495819092
 
-39 1.7506210803985596
 
-31 1.7598936557769775
 
-23 1.769233226776123
 
-15 1.7783856391906738
 
-1 1.7959070205688477
 
7 1.8057687282562256
 
15 1.815213918685913
 
23 1.8246290683746338
 
30 1.834144115447998
 
38 1.844325065612793
 
47 1.853743314743042
 
51 1.860377550125122
 
57 1.8670482635498047
 
63 1.8730309009552002
 
68 1.8797059059143066
 
73 1.8864555358886719
 
80 1.8939502239227295
 
87 1.9010837078094482
 
91 1.9080893993377686
 
97 1.9141383171081543
 
103 1.9207165241241455
 
108 1.9276750087738037
 
113 1.9337670803070068
 
120 1.9414019584655762
 
127 1.9483873844146729
 
132 1.9544312953948975
 
137 1.9610474109649658
 
142 1.9680144786834717
 
147 1.974069356918335
 
153 1.980719804763794
 
159 1.987678050994873
 
165 1.9946513175964355
 
171 2.002384901046753
 
177 2.008958339691162
 
182 2.0153563022613525
 
189 2.0226728916168213
 
193 2.0291359424591064
 
199 2.035348653793335
 
205 2.04323148727417
 
210 2.049973249435425
 
215 2.056499719619751
 
222 2.064368486404419
 
229 2.0722949504852295
 
235 2.0788843631744385
 
240 2.0849313735961914
 
247 2.09285044670105
 
252 2.099233865737915
 
257 2.106914520263672
 
263 2.1129910945892334
 
269 2.1193747520446777
 
273 2.1259372234344482
 
280 2.1327311992645264
 
285 2.1392030715942383
 
293 2.150214672088623
 
298 2.156902313232422
 
305 2.162968158721924
 
309 2.1693477630615234
 
315 2.177253007888794
 
321 2.183762788772583
 
326 2.1903727054595947
 
333 2.198125123977661
 
338 2.2042007446289062
 
344 2.2112786769866943
 
351 2.2192952632904053
 
356 2.2257511615753174
 
363 2.232454538345337
 
367 2.239034652709961
 
374 2.247270345687866
 
379 2.2532732486724854
 
384 2.260206460952759
 
391 2.2680163383483887
 
395 2.2742695808410645
 
403 2.280848264694214
 
407 2.287785530090332
 
412 2.2939064502716064
 
419 2.301717519760132
 
425 2.3089544773101807
 
431 2.3150253295898438
 
436 2.3219518661499023
 
442 2.3286426067352295
 
447 2.334702491760254
 
452 2.3412866592407227
 
459 2.349073886871338
 
464 2.355159282684326
 
469 2.362370491027832
 
476 2.3689229488372803
 
481 2.374969959259033
 
486 2.3819069862365723
 
493 2.388545274734497
 
497 2.3946144580841064
 
503 2.4024205207824707
 
509 2.4090261459350586
 
514 2.415957450866699
 
521 2.4230329990386963
 
526 2.4296889305114746
 
533 2.43764066696167
 
537 2.4445152282714844
 
544 2.4521484375
 
551 2.4587347507476807
 
556 2.4647810459136963
 
561 2.4713523387908936
 
567 2.4783644676208496
 
573 2.484562873840332
 
577 2.4911859035491943
 
584 2.4988584518432617
 
589 2.5049502849578857
 
594 2.5118370056152344
 
601 2.5189483165740967
 
605 2.5251102447509766
 
611 2.5322928428649902
 
617 2.5388565063476562
 
622 2.5457890033721924
 
629 2.55418062210083
 
637 2.564401626586914
 
641 2.572021484375
 
645 2.5789480209350586
 
648 2.584989547729492
 
651 2.5919010639190674
 
653 2.59861159324646
 
654 2.6059153079986572
 
655 2.612678050994873
 
655 2.619114637374878
 
655 2.6253554821014404
 
655 2.632272720336914
 
653 2.638810157775879
 
652 2.6448771953582764
 
650 2.6528279781341553
 
648 2.659221649169922
 
646 2.6658670902252197
 
643 2.6725945472717285
 
639 2.6791799068450928
 
637 2.6853487491607666
 
633 2.69228458404541
 
629 2.698849678039551
 
625 2.7064731121063232
 
621 2.7128875255584717
 
617 2.72035813331604
 
611 2.727156162261963
 
608 2.7331490516662598
 
604 2.7399351596832275
 
599 2.7464568614959717
 
594 2.753964900970459
 
589 2.7605741024017334
 
584 2.767286539077759
 
580 2.773289442062378
 
575 2.780010223388672
 
567 2.791059732437134
 
562 2.7980329990386963
 
556 2.804983377456665
 
551 2.8122992515563965
 
545 2.8193602561950684
 
541 2.8258397579193115
 
535 2.832594394683838
 
530 2.8390705585479736
 
525 2.8456125259399414
 
521 2.8522956371307373
 
514 2.8599348068237305
 
509 2.866487503051758
 
503 2.8728888034820557
 
499 2.879261016845703
 
494 2.8857643604278564
 
487 2.892482042312622
 
483 2.899050235748291
 
476 2.9072489738464355
 
471 2.913283586502075
 
467 2.9203689098358154
 
461 2.9278128147125244
 
455 2.9339375495910645
 
451 2.9404971599578857
 
444 2.9472479820251465
 
439 2.9532718658447266
 
433 2.9611048698425293
 
428 2.968173027038574
 
423 2.974299907684326
 
417 2.980839490890503
 
411 2.988642692565918
 
405 2.995088815689087
 
401 3.002007246017456
 
394 3.009692907333374
 
389 3.0158588886260986
 
383 3.0228805541992188
 
377 3.031090497970581
 
370 3.0384693145751953
 
365 3.0445621013641357
 
361 3.0513534545898438
 
354 3.059032917022705
 
349 3.0651304721832275
 
344 3.0721817016601562
 
338 3.078751564025879
 
331 3.088092803955078
 
327 3.094191551208496
 
320 3.1008806228637695
 
314 3.1083860397338867
 
309 3.1144752502441406
 
304 3.121065616607666
 
298 3.128479242324829
 
289 3.141408920288086
 
282 3.1483771800994873
 
277 3.154421806335449
 
272 3.1621756553649902
 
266 3.1687450408935547
 
261 3.174790620803833
 
256 3.182004928588867
 
250 3.188636302947998
 
245 3.1965432167053223
 
239 3.2031002044677734
 
233 3.2108640670776367
 
227 3.2178494930267334
 
223 3.2239577770233154
 
217 3.2310831546783447
 
212 3.2381436824798584
 
207 3.2442522048950195
 
201 3.251817226409912
 
193 3.261108636856079
 
187 3.2681469917297363
 
183 3.2742879390716553
 
176 3.280862331390381
 
171 3.287893295288086
 
167 3.2940032482147217
 
160 3.300624370574951
 
155 3.307673931121826
 
149 3.3147132396698
 
144 3.321810245513916
 
137 3.3284809589385986
 
133 3.3349828720092773
 
128 3.341960906982422
 
121 3.348621368408203
 
117 3.354706048965454
 
110 3.3624844551086426
 
105 3.369091510772705
 
100 3.375209093093872
 
95 3.3823928833007812
 
89 3.3889505863189697
 
84 3.3950746059417725
 
79 3.4019951820373535
 
73 3.4086368083953857
 
67 3.4158294200897217
 
61 3.4226269721984863
 
56 3.429076910018921
 
50 3.437727451324463
 
45 3.444078207015991
 
38 3.4507150650024414
 
33 3.457402229309082
 
27 3.464473247528076
 
22 3.471034288406372
 
17 3.478024482727051
 
12 3.4840524196624756
 
5 3.490610122680664
 
1 3.4972503185272217
 
-4 3.503748655319214
 
-9 3.5102810859680176
 
-15 3.517993688583374
 
-20 3.524055004119873
 
-27 3.530703067779541
 
-32 3.5380513668060303
 
-37 3.544142007827759
 
-43 3.55074143409729
 
-48 3.557722568511963
 
-53 3.5647213459014893
 
-59 3.5717248916625977
 
-65 3.57846736907959
 
-71 3.584552526473999
 
-75 3.5911812782287598
 
-80 3.598215103149414
 
-85 3.604285717010498
 
-91 3.610867500305176
 
-98 3.6186537742614746
 
-103 3.624863386154175
 
-107 3.6316919326782227
 
-114 3.6384835243225098
 
-119 3.6450483798980713
 
-123 3.651998996734619
 
-130 3.6586546897888184
 
-135 3.664740800857544
 
-141 3.6725032329559326
 
-146 3.679067373275757
 
-151 3.685645341873169
 
-156 3.6923887729644775
 
-162 3.698941946029663
 
-167 3.7066452503204346
 
-173 3.7138569355010986
 
-180 3.7212042808532715
 
-185 3.7282392978668213
 
-189 3.734325408935547
 
-196 3.7410430908203125
 
-201 3.7480273246765137
 
-205 3.7540805339813232
 
-212 3.7613368034362793
 
-219 3.769383668899536
 
-223 3.777082681655884
 
-233 3.7878916263580322
 
-239 3.794553756713867
 
-245 3.801668882369995
 
-251 3.808448076248169
 
-256 3.814704179763794
 
-263 3.824328899383545
 
-271 3.83427357673645
 
-281 3.844803810119629
 
-287 3.8543503284454346
 
-295 3.8640458583831787
 
-305 3.874732255935669
 
-311 3.8842694759368896
 
-319 3.8936822414398193
 
-327 3.902491569519043
 
-334 3.9119889736175537
 
-341 3.9200279712677
 
-347 3.9271585941314697
 
-352 3.9331653118133545
 
-357 3.939849615097046
 
-362 3.9467413425445557
 
-368 3.9538748264312744
 
-373 3.9606528282165527
 
-379 3.9673821926116943
 
-386 3.9745335578918457
 
-391 3.9812662601470947
 
-397 3.9883651733398438
 
-402 3.9943857192993164
 
-407 4.001013517379761
 
-412 4.008025407791138
 
-416 4.014101982116699
 
-422 4.021672964096069
 
-426 4.028890609741211
 
-429 4.0349440574646
 
-431 4.04203200340271
 
-434 4.049154996871948
 
-435 4.05534553527832
 
-437 4.062273263931274
 
-437 4.068852424621582
 
-437 4.076479196548462
 
-437 4.082852602005005
 
-435 4.089215993881226
 
-435 4.095843553543091
 
-432 4.102832794189453
 
-430 4.11046576499939
 
-427 4.117174386978149
 
-424 4.12420654296875
 
-421 4.131044149398804
 
-417 4.138034105300903
 
-414 4.144103765487671
 
-409 4.150712966918945
 
-406 4.158233165740967
 
-401 4.16447639465332
 
-397 4.171032428741455
 
-391 4.1787965297698975
 
-387 4.184878587722778
 
-383 4.191700220108032
 
-377 4.198468208312988
 
-373 4.20467209815979
 
-369 4.211281061172485
 
-363 4.2183287143707275
 
-358 4.225631475448608
 
-354 4.232397794723511
 
-347 4.238927602767944
 
-343 4.2449631690979
 
-338 4.251854181289673
 
-332 4.2590651512146
 
-327 4.265130043029785
 
-321 4.273317575454712
 
-315 4.282308340072632
 
-308 4.288907527923584
 
-303 4.29496955871582
 
-298 4.301848888397217
 
-292 4.30851936340332
 
-287 4.314601182937622
 
-282 4.321176528930664
 
-275 4.32897162437439
 
-271 4.335089683532715
 
-265 4.342266798019409
 
-259 4.348848342895508
 
-254 4.3551318645477295
 
-247 4.362741708755493
 
-243 4.369216203689575
 
-237 4.3770458698272705
 
-231 4.383087158203125
 
-226 4.389802932739258
 
-221 4.395927667617798
 
-214 4.40298318862915
 
-209 4.409369707107544
 
-204 4.415839910507202
 
-197 4.422606468200684
 
-193 4.429944038391113
 
-186 4.4378581047058105
 
-181 4.443985939025879
 
-174 4.450623035430908
 
-169 4.457334280014038
 
-163 4.464367151260376
 
-158 4.470956325531006
 
-153 4.47862696647644
 
-146 4.484877586364746
 
-141 4.491724252700806
 
-135 4.498484373092651
 
-129 4.504544734954834
 
-125 4.511159181594849
 
-119 4.518167018890381
 
-113 4.524451017379761
 
-108 4.532250165939331
 
-101 4.538823843002319
 
-97 4.544897556304932
 
-91 4.551848411560059
 
-85 4.558481454849243
 
-80 4.565088748931885
 
-75 4.5720062255859375
 
-69 4.579384803771973
 
-62 4.587795734405518
 
-57 4.5939061641693115
 
-52 4.6004638671875
 
-45 4.607200860977173
 
-40 4.613383054733276
 
-35 4.620304584503174
 
-31 4.627013683319092
 
-24 4.634127855300903
 
-17 4.640865802764893
 
-12 4.647768259048462
 
-7 4.653833627700806
 
-2 4.66039252281189
 
3 4.667022466659546
 
9 4.672938346862793
 
15 4.679308891296387
 
21 4.6872944831848145
 
26 4.693277597427368
 
31 4.699967622756958
 
36 4.707027196884155
 
43 4.713001251220703
 
48 4.719689130783081
 
53 4.725846529006958
 
59 4.733762264251709
 
65 4.740520238876343
 
71 4.747297525405884
 
76 4.753272533416748
 
81 4.760004043579102
 
88 4.767932415008545
 
93 4.774004220962524
 
100 4.780857086181641
 
115 4.7984843254089355
 
120 4.804689168930054
 
125 4.81183934211731
 
131 4.81848931312561
 
137 4.824761629104614
 
142 4.831307649612427
 
149 4.838958263397217
 
155 4.84822154045105
 
162 4.854356288909912
 
167 4.861087083816528
 
173 4.868534088134766
 
179 4.874767541885376
 
183 4.8817291259765625
 
190 4.889249324798584
 
195 4.895725965499878
 
205 4.907646179199219
 
210 4.913777589797974
 
215 4.920347452163696
 
220 4.927080869674683
 
227 4.933078050613403
 
233 4.940949201583862
 
239 4.9479286670684814
 
243 4.954040050506592
 
250 4.960629940032959
 
255 4.967634201049805
 
262 4.974347114562988
 
267 4.980895519256592
 
273 4.988563537597656
 
278 4.9946129322052
 
283 5.001388072967529
 
