0 0.011884689331054688
 
1 0.01898360252380371
 
1 0.026247501373291016
 
2 0.032274723052978516
 
4 0.03895235061645508
 
6 0.04518270492553711
 
8 0.05193734169006348
 
10 0.0596158504486084
 
14 0.06714391708374023
 
17 0.07332587242126465
 
21 0.08016443252563477
 
26 0.08771991729736328
 
29 0.09509563446044922
 
34 0.10193777084350586
 
38 0.1099996566772461
 
44 0.11923003196716309
 
51 0.12799310684204102
 
57 0.13744139671325684
 
62 0.14693617820739746
 
70 0.15433645248413086
 
78 0.1651301383972168
 
85 0.17421174049377441
 
91 0.18363118171691895
 
99 0.1933448314666748
 
107 0.20235872268676758
 
114 0.2116391658782959
 
120 0.21832561492919922
 
128 0.22769618034362793
 
133 0.23380470275878906
 
138 0.24044322967529297
 
144 0.24819111824035645
 
149 0.254305362701416
 
156 0.26233577728271484
 
161 0.2691349983215332
 
166 0.27570462226867676
 
172 0.28221821784973145
 
178 0.2896747589111328
 
184 0.29648900032043457
 
189 0.30253148078918457
 
194 0.3095545768737793
 
201 0.3174011707305908
 
208 0.32371091842651367
 
212 0.3303687572479248
 
218 0.33783459663391113
 
224 0.34394407272338867
 
230 0.35111427307128906
 
236 0.357835054397583
 
242 0.3651456832885742
 
248 0.3720524311065674
 
253 0.37850356101989746
 
258 0.3851158618927002
 
265 0.39248061180114746
 
270 0.3994474411010742
 
275 0.4061734676361084
 
284 0.41364431381225586
 
289 0.4202852249145508
 
294 0.4273242950439453
 
299 0.4334731101989746
 
306 0.44061970710754395
 
312 0.4477040767669678
 
318 0.4537656307220459
 
322 0.46036314964294434
 
329 0.4680764675140381
 
334 0.47412872314453125
 
339 0.48140645027160645
 
345 0.4879786968231201
 
349 0.49462366104125977
 
354 0.5017249584197998
 
358 0.5082428455352783
 
362 0.5162875652313232
 
366 0.5223183631896973
 
368 0.5290176868438721
 
371 0.5351302623748779
 
374 0.5419185161590576
 
376 0.5483841896057129
 
377 0.5545902252197266
 
378 0.5616626739501953
 
379 0.5694940090179443
 
380 0.576162576675415
 
380 0.5821881294250488
 
380 0.5885653495788574
 
379 0.6003642082214355
 
378 0.6074199676513672
 
377 0.6137495040893555
 
376 0.6219468116760254
 
375 0.6284136772155762
 
374 0.6348838806152344
 
372 0.6415741443634033
 
371 0.6481337547302246
 
370 0.6563670635223389
 
368 0.6623358726501465
 
367 0.6699199676513672
 
366 0.682326078414917
 
364 0.6889584064483643
 
364 0.6951065063476562
 
363 0.7023348808288574
 
362 0.7090497016906738
 
362 0.7185642719268799
 
361 0.7278554439544678
 
361 0.7342700958251953
 
360 0.7418637275695801
 
360 0.7497739791870117
 
360 0.7564206123352051
 
360 0.762315034866333
 
360 0.7699246406555176
 
360 0.7765884399414062
 
360 0.7838077545166016
 
360 0.790374755859375
 
360 0.7999944686889648
 
360 0.8071835041046143
 
359 0.8136100769042969
 
359 0.8216850757598877
 
359 0.8297390937805176
 
359 0.8377783298492432
 
359 0.8469572067260742
 
359 0.8534777164459229
 
359 0.8601624965667725
 
359 0.867098331451416
 
359 0.874021053314209
 
359 0.8805482387542725
 
359 0.8874993324279785
 
359 0.893549919128418
 
359 0.9000697135925293
 
359 0.907465934753418
 
359 0.9145855903625488
 
359 0.9225177764892578
 
359 0.9292235374450684
 
359 0.9357554912567139
 
359 0.9421157836914062
 
359 0.9484801292419434
 
359 0.954871416091919
 
359 0.9615280628204346
 
359 0.9680180549621582
 
359 0.9777674674987793
 
359 0.983924388885498
 
359 0.9904882907867432
 
359 0.99745774269104
 
359 1.0036685466766357
 
359 1.010859727859497
 
359 1.0175573825836182
 
359 1.024334192276001
 
359 1.031202793121338
 
359 1.0378124713897705
 
359 1.043982744216919
 
359 1.0504798889160156
 
359 1.0574588775634766
 
359 1.0634698867797852
 
359 1.0734193325042725
 
359 1.0799846649169922
 
359 1.0870611667633057
 
359 1.0931205749511719
 
359 1.0997767448425293
 
359 1.1064832210540771
 
359 1.113274097442627
 
359 1.1198647022247314
 
359 1.1285457611083984
 
359 1.1350736618041992
 
359 1.141681432723999
 
359 1.1482017040252686
 
359 1.154189109802246
 
359 1.1613638401031494
 
359 1.1678814888000488
 
359 1.1749372482299805
 
359 1.1816580295562744
 
359 1.188159465789795
 
359 1.1941571235656738
 
359 1.2009179592132568
 
359 1.2099390029907227
 
359 1.2171993255615234
 
359 1.2309141159057617
 
359 1.237978458404541
 
359 1.2469265460968018
 
359 1.2529881000518799
 
359 1.2598204612731934
 
359 1.2675325870513916
 
359 1.2735533714294434
 
359 1.2831714153289795
 
359 1.2900750637054443
 
359 1.2995882034301758
 
359 1.306281328201294
 
359 1.3122153282165527
 
359 1.3197495937347412
 
359 1.3290305137634277
 
359 1.3350837230682373
 
359 1.341935396194458
 
359 1.3538053035736084
 
359 1.3603630065917969
 
359 1.3673176765441895
 
359 1.3733856678009033
 
359 1.3815193176269531
 
359 1.3880107402801514
 
359 1.3942179679870605
 
359 1.4021515846252441
 
359 1.4091780185699463
 
359 1.4169597625732422
 
359 1.4230289459228516
 
359 1.4302966594696045
 
359 1.437330722808838
 
359 1.443363904953003
 
359 1.4499077796936035
 
359 1.4581294059753418
 
359 1.468104362487793
 
359 1.4748241901397705
 
359 1.4830265045166016
 
359 1.4902894496917725
 
359 1.4983627796173096
 
359 1.5050652027130127
 
359 1.5121831893920898
 
359 1.5185275077819824
 
359 1.5250496864318848
 
359 1.539576768875122
 
359 1.546250343322754
 
359 1.5523509979248047
 
359 1.5590026378631592
 
359 1.5672776699066162
 
359 1.5733222961425781
 
359 1.5803942680358887
 
359 1.5999338626861572
 
359 1.6068634986877441
 
359 1.6152002811431885
 
359 1.6229796409606934
 
359 1.6298766136169434
 
359 1.6450908184051514
 
359 1.660142183303833
 
359 1.6742167472839355
 
359 1.693680763244629
 
359 1.7098760604858398
 
359 1.7241342067718506
 
359 1.7392325401306152
 
359 1.747788906097412
 
359 1.7537775039672852
 
359 1.7604243755340576
 
359 1.7674281597137451
 
359 1.773622989654541
 
359 1.7835712432861328
 
359 1.7995634078979492
 
359 1.809511423110962
 
359 1.8168513774871826
 
359 1.8230702877044678
 
359 1.8299951553344727
 
359 1.837585687637329
 
359 1.8436558246612549
 
359 1.8501534461975098
 
359 1.8569986820220947
 
359 1.8630435466766357
 
359 1.8695454597473145
 
359 1.8766121864318848
 
359 1.8830711841583252
 
359 1.890388011932373
 
359 1.8977994918823242
 
359 1.9037721157073975
 
359 1.9104905128479004
 
359 1.9174549579620361
 
359 1.9234983921051025
 
359 1.9304611682891846
 
359 1.937455177307129
 
359 1.9451231956481934
 
359 1.9523112773895264
 
359 1.9598774909973145
 
359 1.9670963287353516
 
359 1.973902940750122
 
359 1.9816670417785645
 
359 1.9897453784942627
 
359 1.996506929397583
 
359 2.0037224292755127
 
359 2.0125019550323486
 
359 2.020253896713257
 
359 2.0271706581115723
 
359 2.04111385345459
 
359 2.0477170944213867
 
359 2.054159641265869
 
359 2.063756227493286
 
359 2.071251392364502
 
359 2.0778491497039795
 
359 2.083859920501709
 
359 2.0922696590423584
 
359 2.098595142364502
 
359 2.104950189590454
 
359 2.1116697788238525
 
359 2.118211507797241
 
359 2.1272406578063965
 
359 2.133836030960083
 
359 2.144148588180542
 
359 2.1514785289764404
 
359 2.158074378967285
 
359 2.1650915145874023
 
359 2.1739609241485596
 
359 2.1809232234954834
 
359 2.187638998031616
 
359 2.1977789402008057
 
359 2.206423282623291
 
359 2.217409133911133
 
359 2.227288007736206
 
359 2.236440420150757
 
359 2.2497925758361816
 
359 2.2600934505462646
 
359 2.269787549972534
 
359 2.2797417640686035
 
359 2.288226366043091
 
359 2.2974398136138916
 
359 2.303661823272705
 
359 2.3101413249969482
 
359 2.3170905113220215
 
359 2.324000597000122
 
359 2.3316307067871094
 
359 2.3401682376861572
 
359 2.3490867614746094
 
359 2.3569912910461426
 
359 2.3651182651519775
 
359 2.381685256958008
 
359 2.390035629272461
 
359 2.397643566131592
 
359 2.403710126876831
 
359 2.4102489948272705
 
359 2.417119026184082
 
359 2.4233016967773438
 
359 2.4304239749908447
 
359 2.4374208450317383
 
359 2.444443702697754
 
359 2.4523160457611084
 
359 2.4589006900787354
 
359 2.4649674892425537
 
359 2.471604585647583
 
359 2.478128433227539
 
359 2.48429274559021
 
359 2.4911696910858154
 
359 2.501905918121338
 
359 2.510122060775757
 
359 2.5178933143615723
 
359 2.5239338874816895
 
359 2.5314295291900635
 
359 2.5422475337982178
 
359 2.5498476028442383
 
359 2.556570053100586
 
359 2.5629570484161377
 
359 2.5697333812713623
 
359 2.5773212909698486
 
359 2.5864031314849854
 
359 2.5969107151031494
 
359 2.6038825511932373
 
359 2.610593795776367
 
359 2.6175477504730225
 
359 2.6237518787384033
 
359 2.6310982704162598
 
359 2.6399905681610107
 
359 2.648124933242798
 
359 2.6580002307891846
 
359 2.6648600101470947
 
359 2.6719553470611572
 
359 2.6783759593963623
 
359 2.6874659061431885
 
359 2.6942505836486816
 
359 2.703713893890381
 
359 2.710245370864868
 
359 2.718144178390503
 
359 2.7266101837158203
 
359 2.7332520484924316
 
359 2.7398433685302734
 
359 2.746478796005249
 
359 2.7539987564086914
 
359 2.761558771133423
 
359 2.769490957260132
 
359 2.7757568359375
 
359 2.782231092453003
 
359 2.7885563373565674
 
359 2.79492449760437
 
359 2.8016061782836914
 
359 2.8092143535614014
 
359 2.816401958465576
 
359 2.822502851486206
 
359 2.8292415142059326
 
359 2.8357224464416504
 
359 2.842228412628174
 
359 2.8499064445495605
 
359 2.8715810775756836
 
359 2.878113269805908
 
359 2.8851358890533447
 
359 2.8918673992156982
 
359 2.8983237743377686
 
359 2.9074716567993164
 
359 2.9134745597839355
 
359 2.9199955463409424
 
359 2.9272098541259766
 
359 2.9361469745635986
 
359 2.9425008296966553
 
359 2.9491608142852783
 
359 2.9579479694366455
 
359 2.968379020690918
 
359 2.976519823074341
 
359 2.982455015182495
 
359 2.989201545715332
 
359 2.995671033859253
 
359 3.001936435699463
 
359 3.0094990730285645
 
359 3.0161263942718506
 
359 3.0233237743377686
 
359 3.029914617538452
 
359 3.036559581756592
 
359 3.042494535446167
 
359 3.0491652488708496
 
359 3.0565359592437744
 
359 3.063926935195923
 
359 3.0704965591430664
 
359 3.0774357318878174
 
359 3.0851423740386963
 
359 3.0922422409057617
 
359 3.098534107208252
 
359 3.104904890060425
 
359 3.1124792098999023
 
359 3.1191458702087402
 
359 3.125641107559204
 
359 3.131917715072632
 
359 3.1383676528930664
 
359 3.144883155822754
 
359 3.1515097618103027
 
359 3.158421039581299
 
359 3.1663928031921387
 
359 3.173036813735962
 
359 3.179544687271118
 
359 3.186167001724243
 
359 3.192178726196289
 
359 3.1984705924987793
 
359 3.2049458026885986
 
359 3.212578773498535
 
359 3.2192344665527344
 
359 3.2256808280944824
 
359 3.2320351600646973
 
359 3.2383816242218018
 
359 3.2462949752807617
 
359 3.252225399017334
 
359 3.2596917152404785
 
359 3.267443895339966
 
359 3.2734851837158203
 
359 3.280399799346924
 
359 3.287325859069824
 
359 3.293336868286133
 
359 3.299905776977539
 
359 3.3066070079803467
 
359 3.3136165142059326
 
359 3.3202617168426514
 
359 3.3271937370300293
 
359 3.3331828117370605
 
359 3.339891195297241
 
359 3.3465566635131836
 
359 3.352473735809326
 
359 3.3591787815093994
 
359 3.367495059967041
 
359 3.3735456466674805
 
359 3.380553960800171
 
359 3.3874900341033936
 
359 3.393489360809326
 
359 3.399975299835205
 
359 3.4068498611450195
 
359 3.413691997528076
 
359 3.4202165603637695
 
359 3.4270875453948975
 
359 3.433096408843994
 
359 3.4397432804107666
 
359 3.4464547634124756
 
359 3.4523651599884033
 
359 3.4589598178863525
 
359 3.4673166275024414
 
359 3.473543405532837
 
359 3.480513095855713
 
359 3.488412380218506
 
359 3.4945921897888184
 
359 3.501624345779419
 
359 3.5081279277801514
 
359 3.5156993865966797
 
359 3.522061586380005
 
359 3.528393030166626
 
359 3.5344090461730957
 
359 3.5413591861724854
 
359 3.5478880405426025
 
359 3.5541536808013916
 
359 3.561164140701294
 
359 3.5691077709198
 
359 3.575165271759033
 
359 3.5822904109954834
 
359 3.5886192321777344
 
359 3.601641893386841
 
359 3.6098084449768066
 
359 3.61747670173645
 
359 3.623798131942749
 
359 3.630453109741211
 
359 3.637437343597412
 
359 3.643463373184204
 
359 3.6523256301879883
 
359 3.658954381942749
 
359 3.666909694671631
 
359 3.6740193367004395
 
359 3.680945634841919
 
359 3.687647819519043
 
359 3.693713665008545
 
359 3.700517177581787
 
359 3.709040403366089
 
359 3.715116262435913
 
359 3.722970724105835
 
359 3.7296206951141357
 
359 3.736358642578125
 
359 3.7451694011688232
 
359 3.7518746852874756
 
359 3.7589495182037354
 
359 3.7673561573028564
 
359 3.7749555110931396
 
359 3.7816572189331055
 
359 3.7881836891174316
 
359 3.7941529750823975
 
359 3.8011889457702637
 
359 3.8077666759490967
 
359 3.8137998580932617
 
359 3.8221893310546875
 
359 3.8300588130950928
 
359 3.8369288444519043
 
359 3.842958927154541
 
359 3.849447011947632
 
359 3.85615873336792
 
359 3.862302541732788
 
359 3.8685967922210693
 
359 3.8772165775299072
 
359 3.884120225906372
 
359 3.890916109085083
 
359 3.897559642791748
 
359 3.90351939201355
 
359 3.911471128463745
 
359 3.919750690460205
 
359 3.9280407428741455
 
359 3.9340462684631348
 
359 3.940614938735962
 
359 3.9494237899780273
 
359 3.955679416656494
 
359 3.963230609893799
 
359 3.9704179763793945
 
359 3.979665517807007
 
359 3.9872868061065674
 
359 3.993548631668091
 
359 4.000482082366943
 
359 4.0075154304504395
 
359 4.013864994049072
 
359 4.02126669883728
 
359 4.029786109924316
 
359 4.036997318267822
 
359 4.0435967445373535
 
359 4.050076723098755
 
359 4.059003591537476
 
359 4.067511320114136
 
359 4.074270486831665
 
359 4.082234144210815
 
359 4.091078758239746
 
359 4.0979955196380615
 
359 4.105157852172852
 
359 4.112558841705322
 
359 4.120520114898682
 
359 4.129996299743652
 
359 4.136900186538696
 
359 4.1429283618927
 
359 4.149442672729492
 
359 4.155728578567505
 
359 4.162224054336548
 
359 4.168552398681641
 
359 4.177515268325806
 
359 4.18353796005249
 
359 4.193594932556152
 
359 4.200513124465942
 
359 4.211164474487305
 
359 4.21783447265625
 
359 4.223987579345703
 
359 4.231594085693359
 
359 4.238089084625244
 
359 4.245121240615845
 
359 4.25208854675293
 
359 4.2584068775177
 
359 4.264447927474976
 
359 4.273882865905762
 
359 4.284132957458496
 
359 4.29257345199585
 
359 4.301267623901367
 
359 4.309765338897705
 
359 4.324265956878662
 
359 4.3342509269714355
 
359 4.3433685302734375
 
359 4.352046966552734
 
359 4.360420227050781
 
359 4.368226528167725
 
359 4.377072095870972
 
359 4.384062051773071
 
359 4.391403436660767
 
359 4.398313760757446
 
359 4.406331777572632
 
359 4.413724899291992
 
359 4.421835660934448
 
359 4.429903745651245
 
359 4.43761944770813
 
359 4.443615913391113
 
359 4.4501049518585205
 
359 4.456928253173828
 
359 4.4631078243255615
 
359 4.469607591629028
 
359 4.4779133796691895
 
359 4.48575234413147
 
359 4.492471218109131
 
359 4.499185800552368
 
359 4.505198001861572
 
359 4.514392852783203
 
359 4.522341012954712
 
359 4.528946399688721
 
359 4.538341760635376
 
359 4.544399261474609
 
359 4.551347255706787
 
359 4.557858228683472
 
359 4.5638813972473145
 
359 4.5704920291900635
 
359 4.577441692352295
 
359 4.5844340324401855
 
359 4.600081205368042
 
359 4.60693621635437
 
359 4.613150119781494
 
359 4.619872093200684
 
359 4.62652063369751
 
359 4.633523225784302
 
359 4.640241861343384
 
359 4.647190809249878
 
359 4.654146909713745
 
359 4.6616809368133545
 
359 4.668216228485107
 
359 4.674201011657715
 
359 4.680942058563232
 
359 4.688392400741577
 
359 4.6956493854522705
 
359 4.707932710647583
 
359 4.715114116668701
 
359 4.72181510925293
 
359 4.728210926055908
 
359 4.735679388046265
 
359 4.741971254348755
 
359 4.748384237289429
 
359 4.75659704208374
 
359 4.764171838760376
 
359 4.771668910980225
 
359 4.77815580368042
 
359 4.7841620445251465
 
359 4.792075157165527
 
359 4.799912929534912
 
359 4.806595325469971
 
359 4.813821792602539
 
359 4.823075532913208
 
359 4.830420017242432
 
359 4.838362216949463
 
359 4.84440016746521
 
359 4.852136850357056
 
359 4.860395431518555
 
359 4.867695569992065
 
359 4.875114917755127
 
359 4.882092714309692
 
359 4.889692544937134
 
359 4.89637565612793
 
359 4.903263568878174
 
359 4.909893751144409
 
359 4.9165239334106445
 
359 4.9224207401275635
 
359 4.929591655731201
 
359 4.937219619750977
 
359 4.9441704750061035
 
359 4.950928449630737
 
359 4.957639455795288
 
359 4.9636757373809814
 
359 4.970182418823242
 
359 4.977090835571289
 
359 4.993572950363159
 
359 5.0005943775177
 
