0 0.01499032974243164
 
0 0.025315046310424805
 
0 0.03357362747192383
 
2 0.04201388359069824
 
4 0.0497896671295166
 
6 0.058998823165893555
 
10 0.06813621520996094
 
14 0.07833433151245117
 
18 0.0866708755493164
 
22 0.09471392631530762
 
26 0.10155797004699707
 
30 0.10906720161437988
 
36 0.11617660522460938
 
40 0.12323236465454102
 
46 0.1329483985900879
 
60 0.15211081504821777
 
65 0.1582791805267334
 
72 0.16748046875
 
82 0.1794893741607666
 
94 0.19707226753234863
 
113 0.2200767993927002
 
126 0.23575234413146973
 
136 0.24808216094970703
 
154 0.26985883712768555
 
167 0.2858247756958008
 
174 0.29427623748779297
 
179 0.3007359504699707
 
186 0.30827951431274414
 
192 0.31598591804504395
 
199 0.3241920471191406
 
204 0.3303506374359131
 
218 0.34563636779785156
 
224 0.35716915130615234
 
236 0.3696434497833252
 
244 0.37830018997192383
 
250 0.38550448417663574
 
258 0.39330458641052246
 
263 0.3993544578552246
 
268 0.4063441753387451
 
275 0.41335225105285645
 
280 0.41936659812927246
 
285 0.42749857902526855
 
292 0.4343128204345703
 
298 0.4427165985107422
 
304 0.4487626552581787
 
308 0.4553849697113037
 
317 0.46436357498168945
 
322 0.4708244800567627
 
328 0.47798705101013184
 
334 0.48438286781311035
 
338 0.4922013282775879
 
345 0.49836087226867676
 
350 0.5052707195281982
 
355 0.5119767189025879
 
362 0.5191261768341064
 
370 0.5282995700836182
 
377 0.5355498790740967
 
382 0.5434181690216064
 
388 0.5498950481414795
 
393 0.5574140548706055
 
399 0.5663425922393799
 
403 0.5733635425567627
 
405 0.5808432102203369
 
408 0.5879955291748047
 
410 0.5955760478973389
 
410 0.6022908687591553
 
411 0.6082439422607422
 
411 0.6149308681488037
 
410 0.6219415664672852
 
409 0.6288294792175293
 
408 0.635382890701294
 
406 0.6420755386352539
 
403 0.6501510143280029
 
400 0.657855749130249
 
397 0.6642398834228516
 
394 0.6704151630401611
 
390 0.6774811744689941
 
386 0.6840336322784424
 
383 0.690044641494751
 
378 0.6981444358825684
 
374 0.7048263549804688
 
370 0.7128915786743164
 
366 0.7190113067626953
 
360 0.7259855270385742
 
354 0.7333779335021973
 
350 0.7395815849304199
 
346 0.7474348545074463
 
340 0.7542848587036133
 
336 0.7606723308563232
 
330 0.7677462100982666
 
326 0.774198055267334
 
320 0.7821323871612549
 
313 0.7898571491241455
 
307 0.7989325523376465
 
301 0.805870771408081
 
296 0.8127985000610352
 
290 0.8198926448822021
 
285 0.8274149894714355
 
279 0.8339569568634033
 
273 0.8430602550506592
 
265 0.8532938957214355
 
258 0.8595752716064453
 
254 0.8661596775054932
 
248 0.8736376762390137
 
242 0.8796525001525879
 
238 0.886838436126709
 
232 0.8935139179229736
 
225 0.902193546295166
 
220 0.9092645645141602
 
214 0.9167251586914062
 
207 0.923464298248291
 
202 0.9295322895050049
 
198 0.9367184638977051
 
191 0.9434962272644043
 
186 0.9506340026855469
 
180 0.9575245380401611
 
175 0.9652271270751953
 
170 0.972069263458252
 
164 0.9782347679138184
 
158 0.9854230880737305
 
152 0.9927091598510742
 
147 0.9995396137237549
 
140 1.006202220916748
 
136 1.0132501125335693
 
131 1.0193111896514893
 
124 1.0258891582489014
 
120 1.03279709815979
 
113 1.039536476135254
 
108 1.046088695526123
 
102 1.0542545318603516
 
97 1.0606496334075928
 
92 1.0673177242279053
 
85 1.074178695678711
 
80 1.0803515911102295
 
76 1.0874130725860596
 
69 1.093951940536499
 
64 1.1020104885101318
 
58 1.1080069541931152
 
53 1.1143684387207031
 
48 1.12082839012146
 
42 1.127476453781128
 
36 1.1340506076812744
 
28 1.1453640460968018
 
24 1.1529803276062012
 
16 1.1593830585479736
 
11 1.1660981178283691
 
6 1.1730165481567383
 
1 1.1790313720703125
 
-6 1.1855394840240479
 
-10 1.1922645568847656
 
-15 1.1982109546661377
 
-22 1.2058329582214355
 
-26 1.2127959728240967
 
-31 1.2190697193145752
 
-38 1.22564697265625
 
-42 1.232314109802246
 
-47 1.2383036613464355
 
-54 1.2456927299499512
 
-58 1.2524189949035645
 
-65 1.2595481872558594
 
-70 1.266101598739624
 
-74 1.2732605934143066
 
-81 1.2794756889343262
 
-86 1.2860407829284668
 
-91 1.2930049896240234
 
-96 1.2990789413452148
 
-102 1.3067255020141602
 
-109 1.3134896755218506
 
-114 1.3195195198059082
 
-118 1.3261134624481201
 
-124 1.3330318927764893
 
-128 1.3392908573150635
 
-134 1.346423864364624
 
-140 1.3534412384033203
 
-143 1.3604073524475098
 
-146 1.367302656173706
 
-150 1.3738305568695068
 
-152 1.3798885345458984
 
-153 1.3866584300994873
 
-154 1.3933742046356201
 
-155 1.3995563983917236
 
-156 1.407296895980835
 
-155 1.4138286113739014
 
-154 1.422339916229248
 
-153 1.4289276599884033
 
-152 1.435472011566162
 
-149 1.4421916007995605
 
-147 1.449028491973877
 
-143 1.4558041095733643
 
-140 1.4635388851165771
 
-136 1.4695534706115723
 
-133 1.4762458801269531
 
-128 1.4832961559295654
 
-124 1.4893519878387451
 
-121 1.495884656906128
 
-117 1.5032622814178467
 
-112 1.5100281238555908
 
-107 1.5172009468078613
 
-102 1.5237162113189697
 
-98 1.5297110080718994
 
-93 1.5363306999206543
 
-87 1.5433223247528076
 
-82 1.5499005317687988
 
-78 1.5571653842926025
 
-72 1.5647780895233154
 
-67 1.5708491802215576
 
-61 1.577845573425293
 
-56 1.5841922760009766
 
-52 1.590399980545044
 
-47 1.5972812175750732
 
-40 1.603881597518921
 
-36 1.612025260925293
 
-29 1.6180174350738525
 
-24 1.6243634223937988
 
-20 1.63077974319458
 
-13 1.6377496719360352
 
-8 1.644212007522583
 
-3 1.6560394763946533
 
8 1.6649341583251953
 
13 1.6709964275360107
 
20 1.6777300834655762
 
24 1.6841685771942139
 
30 1.6902415752410889
 
34 1.6975021362304688
 
41 1.7040438652038574
 
54 1.7201359272003174
 
74 1.743504524230957
 
88 1.7600345611572266
 
104 1.7801859378814697
 
120 1.7981321811676025
 
130 1.8095953464508057
 
140 1.823152780532837
 
145 1.8292133808135986
 
152 1.8363661766052246
 
158 1.8437004089355469
 
164 1.8497288227081299
 
168 1.8572351932525635
 
175 1.8647868633270264
 
180 1.8715596199035645
 
187 1.8781037330627441
 
192 1.8847527503967285
 
197 1.890868902206421
 
204 1.8983099460601807
 
211 1.9060554504394531
 
216 1.9130258560180664
 
223 1.9198098182678223
 
228 1.9263806343078613
 
234 1.9333693981170654
 
240 1.9395692348480225
 
245 1.9463248252868652
 
252 1.9533259868621826
 
256 1.9598517417907715
 
263 1.9676439762115479
 
268 1.9741175174713135
 
274 1.98014235496521
 
278 1.987015962600708
 
285 1.9936537742614746
 
290 2.0009000301361084
 
297 2.0075154304504395
 
302 2.01403546333313
 
307 2.021962881088257
 
314 2.0279712677001953
 
319 2.0343236923217773
 
324 2.0407514572143555
 
329 2.0474212169647217
 
336 2.0539610385894775
 
344 2.0637831687927246
 
351 2.073632001876831
 
358 2.0821032524108887
 
366 2.089813709259033
 
372 2.0982673168182373
 
379 2.1071605682373047
 
386 2.115840435028076
 
396 2.1260597705841064
 
402 2.1352591514587402
 
421 2.15635347366333
 
428 2.1660382747650146
 
436 2.1739227771759033
 
441 2.1803579330444336
 
446 2.1872572898864746
 
452 2.1938061714172363
 
458 2.2014923095703125
 
464 2.2077527046203613
 
470 2.2141952514648438
 
476 2.22220778465271
 
481 2.228158712387085
 
486 2.2348146438598633
 
491 2.2414803504943848
 
498 2.2477478981018066
 
503 2.2542057037353516
 
510 2.263666868209839
 
516 2.269705295562744
 
523 2.277472972869873
 
528 2.2839818000793457
 
534 2.2899813652038574
 
538 2.297039031982422
 
545 2.3036787509918213
 
550 2.3097145557403564
 
556 2.3162989616394043
 
562 2.323927879333496
 
567 2.3299543857574463
 
572 2.3368613719940186
 
579 2.3434972763061523
 
584 2.3495264053344727
 
589 2.356217384338379
 
594 2.3632466793060303
 
601 2.3697924613952637
 
606 2.377385139465332
 
613 2.384244441986084
 
618 2.3919923305511475
 
623 2.3980019092559814
 
626 2.4054718017578125
 
631 2.4131550788879395
 
634 2.419373035430908
 
636 2.4268341064453125
 
638 2.433485984802246
 
639 2.4395523071289062
 
640 2.446089267730713
 
640 2.453035354614258
 
640 2.459125518798828
 
638 2.4657301902770996
 
638 2.4738335609436035
 
636 2.4800705909729004
 
634 2.4869813919067383
 
630 2.493624210357666
 
628 2.4996235370635986
 
625 2.5061771869659424
 
622 2.5131595134735107
 
618 2.51938533782959
 
614 2.52706241607666
 
610 2.533658266067505
 
604 2.5439181327819824
 
600 2.549959897994995
 
590 2.563490867614746
 
586 2.5695316791534424
 
576 2.5838849544525146
 
564 2.6008729934692383
 
551 2.6187150478363037
 
546 2.6252999305725098
 
542 2.632850408554077
 
528 2.649353265762329
 
518 2.6662399768829346
 
507 2.675366163253784
 
496 2.687718152999878
 
491 2.694164514541626
 
486 2.7002267837524414
 
482 2.7072579860687256
 
475 2.7138161659240723
 
470 2.7201449871063232
 
466 2.7270588874816895
 
459 2.7356154918670654
 
452 2.7432284355163574
 
446 2.749349594116211
 
441 2.756195068359375
 
436 2.7632250785827637
 
432 2.769307851791382
 
424 2.776426315307617
 
418 2.78424072265625
 
412 2.792167901992798
 
406 2.799471139907837
 
401 2.807032346725464
 
394 2.8136541843414307
 
390 2.8196868896484375
 
384 2.826281785964966
 
378 2.833307981491089
 
374 2.8403522968292236
 
368 2.84725022315979
 
362 2.853807210922241
 
357 2.8599119186401367
 
352 2.8667116165161133
 
346 2.8734757900238037
 
341 2.8800079822540283
 
334 2.8878629207611084
 
328 2.895718574523926
 
324 2.9024031162261963
 
318 2.9088926315307617
 
314 2.915492057800293
 
308 2.9222171306610107
 
302 2.9282052516937256
 
298 2.934903860092163
 
291 2.942842483520508
 
286 2.948873281478882
 
282 2.9555487632751465
 
275 2.9622719287872314
 
270 2.9682693481445312
 
265 2.974987030029297
 
259 2.982419490814209
 
252 2.9895410537719727
 
248 2.997403383255005
 
241 3.003931760787964
 
236 3.0099599361419678
 
231 3.0170300006866455
 
224 3.023674964904785
 
220 3.0296990871429443
 
215 3.0367257595062256
 
208 3.0442075729370117
 
204 3.050384283065796
 
197 3.057769298553467
 
192 3.0642318725585938
 
187 3.0704002380371094
 
180 3.0774950981140137
 
176 3.085266590118408
 
167 3.0934858322143555
 
162 3.099573850631714
 
158 3.1061930656433105
 
152 3.1131651401519775
 
148 3.1192150115966797
 
141 3.12579345703125
 
136 3.132782459259033
 
126 3.144824981689453
 
120 3.1523241996765137
 
114 3.1592118740081787
 
108 3.166138172149658
 
103 3.1731903553009033
 
96 3.179441213607788
 
91 3.186375856399536
 
85 3.1959240436553955
 
77 3.204003095626831
 
72 3.2100114822387695
 
67 3.2168524265289307
 
60 3.223524808883667
 
56 3.229551076889038
 
50 3.236067295074463
 
44 3.24377703666687
 
39 3.2501978874206543
 
32 3.2582149505615234
 
28 3.2648868560791016
 
23 3.2709412574768066
 
16 3.2776997089385986
 
12 3.2841527462005615
 
3 3.2934134006500244
 
-2 3.2995800971984863
 
-6 3.306103229522705
 
-13 3.3134992122650146
 
-18 3.319715738296509
 
-23 3.326354503631592
 
-29 3.333378314971924
 
-34 3.3394103050231934
 
-40 3.348068952560425
 
-46 3.3547513484954834
 
-50 3.362039804458618
 
-57 3.368006467819214
 
-62 3.374385118484497
 
-66 3.38094162940979
 
-73 3.387721300125122
 
-80 3.395977735519409
 
-84 3.402916193008423
 
-90 3.408984661102295
 
-96 3.415536642074585
 
-101 3.422240972518921
 
-106 3.4283692836761475
 
-110 3.4353995323181152
 
-117 3.442152500152588
 
-122 3.449280261993408
 
-128 3.4558610916137695
 
-134 3.462850570678711
 
-138 3.468945264816284
 
-144 3.4754977226257324
 
-150 3.4822402000427246
 
-155 3.4882051944732666
 
-162 3.496734380722046
 
-168 3.503476619720459
 
-173 3.509528160095215
 
-178 3.516105890274048
 
-183 3.5230469703674316
 
-188 3.529083490371704
 
-194 3.5356974601745605
 
-199 3.542666435241699
 
-206 3.5495054721832275
 
-211 3.5562562942504883
 
-218 3.5632946491241455
 
-222 3.5693979263305664
 
-228 3.575927257537842
 
-232 3.5829050540924072
 
-237 3.5889883041381836
 
-244 3.597191333770752
 
-250 3.603874683380127
 
-256 3.6098995208740234
 
-260 3.617003917694092
 
-267 3.623669147491455
 
-272 3.629709005355835
 
-277 3.636312484741211
 
-284 3.6433217525482178
 
-288 3.6500532627105713
 
-293 3.657001256942749
 
-300 3.6636569499969482
 
-304 3.6696853637695312
 
-310 3.67673397064209
 
-316 3.6838841438293457
 
-321 3.690056324005127
 
-326 3.6969921588897705
 
-332 3.7050013542175293
 
-339 3.713219404220581
 
-344 3.719285726547241
 
-349 3.7258594036102295
 
-352 3.7331411838531494
 
-356 3.7393763065338135
 
-359 3.74588942527771
 
-362 3.7535951137542725
 
-363 3.759634017944336
 
-364 3.7662065029144287
 
-365 3.773240804672241
 
-366 3.779320001602173
 
-365 3.7858824729919434
 
-364 3.7942585945129395
 
-362 3.8027446269989014
 
-361 3.808807373046875
 
-359 3.815523386001587
 
-356 3.8222501277923584
 
-354 3.8282206058502197
 
-351 3.835376262664795
 
-348 3.8424158096313477
 
-344 3.8484182357788086
 
-339 3.8568854331970215
 
-334 3.8634932041168213
 
-330 3.869547128677368
 
-326 3.876063585281372
 
-322 3.883024215698242
 
-318 3.8890340328216553
 
-313 3.8956167697906494
 
-308 3.903634548187256
 
-303 3.9097201824188232
 
-298 3.916729211807251
 
-292 3.9234838485717773
 
-288 3.9295332431793213
 
-283 3.936065196990967
 
-279 3.943009376525879
 
-274 3.9492011070251465
 
-268 3.9569318294525146
 
-262 3.9635465145111084
 
-256 3.9699273109436035
 
-252 3.977013111114502
 
-246 3.9836373329162598
 
-240 3.98968505859375
 
-236 3.996222734451294
 
-231 4.003255605697632
 
-224 4.010845899581909
 
-218 4.017488718032837
 
-212 4.02402138710022
 
-208 4.03014063835144
 
-202 4.037286758422852
 
-196 4.04383659362793
 
-191 4.049879789352417
 
-184 4.057681560516357
 
-179 4.064826726913452
 
-174 4.070913076400757
 
-168 4.07828164100647
 
-160 4.086041212081909
 
-154 4.09338903427124
 
-149 4.099578142166138
 
-144 4.1079442501068115
 
-135 4.1162497997283936
 
-130 4.12326979637146
 
-124 4.129372596740723
 
-118 4.140395879745483
 
-106 4.151422023773193
 
-96 4.162803649902344
 
-88 4.172745227813721
 
-81 4.180803060531616
 
-73 4.19083046913147
 
-64 4.1995649337768555
 
-56 4.2109315395355225
 
-48 4.220819473266602
 
-39 4.230237245559692
 
-30 4.239367485046387
 
-26 4.24591064453125
 
-20 4.25281548500061
 
-16 4.259457588195801
 
-8 4.266057014465332
 
-4 4.2729432582855225
 
1 4.27909779548645
 
8 4.285593509674072
 
13 4.292290449142456
 
18 4.298227548599243
 
23 4.304903507232666
 
30 4.312873840332031
 
35 4.318927526473999
 
40 4.325415372848511
 
45 4.332020998001099
 
52 4.338144779205322
 
56 4.344792604446411
 
62 4.350876331329346
 
68 4.3575029373168945
 
74 4.36527943611145
 
78 4.371959686279297
 
85 4.377944231033325
 
90 4.384298086166382
 
95 4.39069128036499
 
102 4.398027658462524
 
107 4.405255317687988
 
112 4.413003206253052
 
121 4.420391798019409
 
128 4.428156137466431
 
132 4.434832811355591
 
138 4.440903663635254
 
144 4.447613000869751
 
150 4.45406174659729
 
154 4.460385084152222
 
162 4.468260288238525
 
166 4.474996566772461
 
172 4.481479167938232
 
178 4.487919330596924
 
184 4.494279146194458
 
188 4.500718832015991
 
194 4.507414817810059
 
200 4.51491379737854
 
207 4.52267050743103
 
212 4.528937578201294
 
218 4.535467863082886
 
224 4.542187690734863
 
231 4.550222396850586
 
238 4.558790683746338
 
246 4.568013668060303
 
252 4.574396371841431
 
256 4.580942630767822
 
263 4.587721824645996
 
268 4.594180583953857
 
275 4.602423667907715
 
280 4.608408451080322
 
287 4.616103649139404
 
294 4.623502492904663
 
299 4.6295177936553955
 
304 4.636216878890991
 
309 4.643222332000732
 
314 4.649263858795166
 
320 4.6567323207855225
 
329 4.666297435760498
 
336 4.673326253890991
 
340 4.679356575012207
 
346 4.685869216918945
 
350 4.692808151245117
 
356 4.699152946472168
 
362 4.705724716186523
 
368 4.712421178817749
 
374 4.71949315071106
 
379 4.726185321807861
 
384 4.7331531047821045
 
389 4.739559888839722
 
396 4.746177911758423
 
401 4.753186941146851
 
408 4.759419918060303
 
412 4.767665863037109
 
419 4.774119138717651
 
424 4.780215501785278
 
429 4.78831934928894
 
436 4.795039892196655
 
443 4.802289247512817
 
448 4.808935880661011
 
454 4.816025018692017
 
461 4.824084281921387
 
466 4.830822467803955
 
473 4.837464332580566
 
478 4.844303607940674
 
483 4.850682973861694
 
490 4.858055830001831
 
495 4.864707708358765
 
502 4.872658014297485
 
506 4.87956976890564
 
514 4.886157035827637
 
518 4.893146753311157
 
525 4.8995301723480225
 
530 4.906054735183716
 
535 4.913006067276001
 
542 4.920854330062866
 
549 4.927526950836182
 
554 4.934925556182861
 
576 4.960870027542114
 
583 4.968044757843018
 
590 4.975727558135986
 
594 4.982409954071045
 
600 4.989294052124023
 
606 4.996025800704956
 
612 5.002943515777588
 
