0 0.011456012725830078
 
0 0.019237756729125977
 
0 0.026881694793701172
 
0 0.033247947692871094
 
0 0.039991140365600586
 
1 0.04711198806762695
 
2 0.05345630645751953
 
2 0.060150146484375
 
3 0.0672910213470459
 
3 0.07489800453186035
 
4 0.08209228515625
 
5 0.08893656730651855
 
5 0.09524011611938477
 
6 0.10230517387390137
 
7 0.10918092727661133
 
8 0.11626625061035156
 
9 0.12360048294067383
 
10 0.13067007064819336
 
10 0.13763189315795898
 
11 0.1441807746887207
 
12 0.15139365196228027
 
13 0.1581721305847168
 
14 0.16489815711975098
 
15 0.17313385009765625
 
16 0.17993426322937012
 
17 0.18710708618164062
 
18 0.19351983070373535
 
18 0.20076560974121094
 
20 0.20768260955810547
 
20 0.21413946151733398
 
21 0.22232937812805176
 
22 0.22926616668701172
 
23 0.23662424087524414
 
24 0.24316048622131348
 
25 0.2500030994415283
 
26 0.25719380378723145
 
27 0.26378417015075684
 
28 0.27172422409057617
 
29 0.2787301540374756
 
30 0.28517866134643555
 
30 0.29227733612060547
 
31 0.29923391342163086
 
32 0.30636096000671387
 
33 0.3130648136138916
 
34 0.3199906349182129
 
35 0.32796478271484375
 
36 0.334850549697876
 
37 0.3419301509857178
 
37 0.34885239601135254
 
38 0.3552215099334717
 
39 0.36237144470214844
 
40 0.369307279586792
 
41 0.37747836112976074
 
42 0.38405632972717285
 
42 0.39121198654174805
 
44 0.3980140686035156
 
44 0.40467214584350586
 
45 0.41164588928222656
 
46 0.4186975955963135
 
47 0.42700886726379395
 
48 0.4333949089050293
 
49 0.440305233001709
 
50 0.44765710830688477
 
50 0.4540562629699707
 
52 0.4614756107330322
 
52 0.4682016372680664
 
53 0.47672533988952637
 
54 0.48319077491760254
 
55 0.4899930953979492
 
56 0.4971456527709961
 
57 0.5037393569946289
 
58 0.5107781887054443
 
58 0.5176761150360107
 
59 0.5240836143493652
 
60 0.5321567058563232
 
61 0.539060115814209
 
62 0.5461127758026123
 
62 0.5526642799377441
 
63 0.5593550205230713
 
64 0.5669195652008057
 
64 0.573310375213623
 
66 0.5811159610748291
 
66 0.5879502296447754
 
67 0.5948395729064941
 
68 0.6017882823944092
 
69 0.6088287830352783
 
69 0.6151895523071289
 
70 0.6227397918701172
 
71 0.6306650638580322
 
72 0.6376841068267822
 
73 0.6440644264221191
 
74 0.6512148380279541
 
74 0.6580157279968262
 
75 0.6646993160247803
 
76 0.6728332042694092
 
77 0.6809351444244385
 
78 0.6878116130828857
 
78 0.6942126750946045
 
79 0.7014594078063965
 
80 0.7081959247589111
 
80 0.7149171829223633
 
81 0.7221829891204834
 
82 0.7300336360931396
 
83 0.737262487411499
 
84 0.7438006401062012
 
84 0.7508773803710938
 
85 0.7577826976776123
 
86 0.764228343963623
 
87 0.7714877128601074
 
87 0.7782125473022461
 
88 0.7863221168518066
 
89 0.7930173873901367
 
90 0.7999160289764404
 
90 0.8070580959320068
 
91 0.8134293556213379
 
92 0.8202676773071289
 
92 0.8274087905883789
 
93 0.8348629474639893
 
94 0.841799259185791
 
94 0.8489201068878174
 
95 0.8562159538269043
 
97 0.873786449432373
 
98 0.8863403797149658
 
99 0.9030060768127441
 
100 0.9189944267272949
 
102 0.9333996772766113
 
104 0.9493074417114258
 
105 0.9636673927307129
 
107 0.979830265045166
 
108 0.992225170135498
 
110 1.010085105895996
 
111 1.024125576019287
 
112 1.0407567024230957
 
114 1.0542521476745605
 
115 1.0699732303619385
 
116 1.0841341018676758
 
118 1.1007215976715088
 
119 1.1107995510101318
 
119 1.117696762084961
 
120 1.12410569190979
 
120 1.1313695907592773
 
121 1.138134479522705
 
122 1.1521587371826172
 
124 1.167837381362915
 
124 1.1750390529632568
 
125 1.182372808456421
 
125 1.1893062591552734
 
126 1.1966660022735596
 
126 1.203129768371582
 
127 1.211052656173706
 
128 1.217855453491211
 
128 1.2246997356414795
 
129 1.231733798980713
 
130 1.2386999130249023
 
130 1.246227741241455
 
130 1.2528445720672607
 
131 1.2606911659240723
 
132 1.2677078247070312
 
132 1.2740917205810547
 
133 1.2814736366271973
 
134 1.2882018089294434
 
134 1.2949202060699463
 
135 1.3019673824310303
 
136 1.3099446296691895
 
136 1.3171038627624512
 
137 1.323495626449585
 
137 1.3302621841430664
 
138 1.3374290466308594
 
138 1.3440020084381104
 
139 1.3511083126068115
 
140 1.358999252319336
 
140 1.366138219833374
 
141 1.3729665279388428
 
141 1.3797471523284912
 
142 1.3869471549987793
 
142 1.3933250904083252
 
143 1.4002392292022705
 
144 1.407440423965454
 
144 1.414844274520874
 
144 1.421804428100586
 
145 1.4288413524627686
 
146 1.435196876525879
 
146 1.4423279762268066
 
146 1.44923734664917
 
147 1.4563307762145996
 
148 1.4638938903808594
 
148 1.4710755348205566
 
149 1.4779157638549805
 
149 1.4843029975891113
 
150 1.4916253089904785
 
150 1.4983618259429932
 
151 1.5052454471588135
 
152 1.5134477615356445
 
152 1.5206551551818848
 
153 1.527705430984497
 
153 1.5340819358825684
 
154 1.5412161350250244
 
154 1.5480260848999023
 
154 1.554713249206543
 
155 1.5628671646118164
 
156 1.5696961879730225
 
156 1.576920509338379
 
156 1.5834579467773438
 
157 1.5902678966522217
 
158 1.5974271297454834
 
158 1.6038084030151367
 
158 1.6108689308166504
 
159 1.6188275814056396
 
159 1.6251747608184814
 
160 1.6326873302459717
 
160 1.6393368244171143
 
161 1.6468939781188965
 
161 1.6533079147338867
 
162 1.6600804328918457
 
162 1.6679456233978271
 
163 1.67610764503479
 
163 1.6826460361480713
 
164 1.6893253326416016
 
164 1.6966652870178223
 
164 1.703336238861084
 
165 1.7101142406463623
 
166 1.7180814743041992
 
166 1.7247748374938965
 
166 1.7318131923675537
 
167 1.7388718128204346
 
167 1.745213508605957
 
168 1.752350091934204
 
168 1.7593235969543457
 
169 1.767646312713623
 
170 1.7740283012390137
 
170 1.7811808586120605
 
170 1.78810715675354
 
171 1.794804573059082
 
171 1.8017585277557373
 
172 1.8087108135223389
 
172 1.8168177604675293
 
172 1.823401689529419
 
173 1.830143928527832
 
174 1.8373632431030273
 
174 1.843785047531128
 
174 1.8508472442626953
 
175 1.857973575592041
 
176 1.8693747520446777
 
176 1.8769207000732422
 
176 1.883556842803955
 
176 1.8909082412719727
 
177 1.8978195190429688
 
178 1.9042472839355469
 
178 1.9114925861358643
 
178 1.9193272590637207
 
179 1.9266860485076904
 
179 1.933166742324829
 
180 1.9400978088378906
 
180 1.9472944736480713
 
180 1.9537127017974854
 
181 1.960792064666748
 
181 1.9686861038208008
 
182 1.9751322269439697
 
182 1.9822313785552979
 
182 1.989177942276001
 
183 1.9962823390960693
 
183 2.0031323432922363
 
184 2.0099220275878906
 
184 2.0171196460723877
 
184 2.024780511856079
 
184 2.031752109527588
 
185 2.038684606552124
 
185 2.0451111793518066
 
186 2.0522685050964355
 
186 2.0591747760772705
 
186 2.0667078495025635
 
187 2.0738325119018555
 
187 2.080930471420288
 
187 2.08780837059021
 
188 2.0941686630249023
 
188 2.1014225482940674
 
188 2.10817551612854
 
189 2.114863395690918
 
189 2.1232101917266846
 
190 2.130018711090088
 
190 2.137195348739624
 
190 2.1435821056365967
 
190 2.1508078575134277
 
191 2.157721757888794
 
191 2.1641340255737305
 
192 2.1723134517669678
 
192 2.1792404651641846
 
192 2.1868438720703125
 
192 2.193308115005493
 
193 2.2000980377197266
 
194 2.2073252201080322
 
194 2.213740825653076
 
194 2.2207791805267334
 
194 2.2287042140960693
 
195 2.2351269721984863
 
195 2.2425923347473145
 
196 2.249312400817871
 
196 2.256678819656372
 
196 2.2631356716156006
 
196 2.2699553966522217
 
197 2.277909517288208
 
197 2.2847721576690674
 
198 2.291717529296875
 
198 2.2986972332000732
 
198 2.306084156036377
 
199 2.3126423358917236
 
199 2.319315195083618
 
200 2.3273823261260986
 
200 2.3338091373443604
 
200 2.340836763381958
 
200 2.34773850440979
 
201 2.3540923595428467
 
201 2.3614706993103027
 
202 2.3681962490081787
 
202 2.376685619354248
 
202 2.3831326961517334
 
202 2.389913558959961
 
203 2.3970675468444824
 
203 2.4034411907196045
 
203 2.410355806350708
 
204 2.417515516281128
 
204 2.425067663192749
 
204 2.4321885108947754
 
204 2.4390792846679688
 
205 2.446181297302246
 
205 2.4527320861816406
 
206 2.4593706130981445
 
206 2.4667370319366455
 
206 2.473308563232422
 
206 2.4812605381011963
 
207 2.4880805015563965
 
207 2.4947726726531982
 
207 2.5017223358154297
 
208 2.508733034133911
 
208 2.5151615142822266
 
208 2.5276317596435547
 
209 2.5340209007263184
 
209 2.5414633750915527
 
209 2.548168182373047
 
210 2.554856777191162
 
210 2.5618207454681396
 
210 2.5688798427581787
 
210 2.575225353240967
 
211 2.583354949951172
 
211 2.5901432037353516
 
212 2.59737229347229
 
212 2.6039421558380127
 
212 2.611081123352051
 
212 2.6178953647613525
 
212 2.6243045330047607
 
213 2.6326966285705566
 
213 2.6393730640411377
 
213 2.646791696548462
 
214 2.653223752975464
 
214 2.6601457595825195
 
214 2.6673126220703125
 
214 2.674806594848633
 
215 2.6830198764801025
 
215 2.6897830963134766
 
216 2.6969175338745117
 
216 2.7033278942108154
 
216 2.7101316452026367
 
216 2.717289686203003
 
216 2.7238264083862305
 
217 2.7317426204681396
 
217 2.738699436187744
 
217 2.7451260089874268
 
218 2.752236843109131
 
218 2.7591357231140137
 
218 2.766300678253174
 
218 2.7729666233062744
 
218 2.780902862548828
 
219 2.7878129482269287
 
219 2.794189929962158
 
220 2.8016347885131836
 
220 2.808314085006714
 
220 2.8149850368499756
 
220 2.821988582611084
 
220 2.828944206237793
 
220 2.837094306945801
 
221 2.843616008758545
 
221 2.8503713607788086
 
222 2.857602834701538
 
222 2.874847412109375
 
222 2.8832590579986572
 
223 2.890254020690918
 
223 2.8974246978759766
 
223 2.9040985107421875
 
223 2.9113900661468506
 
224 2.9181337356567383
 
224 2.924797773361206
 
224 2.9331674575805664
 
224 2.939960479736328
 
225 2.947072982788086
 
225 2.953484296798706
 
225 2.9606807231903076
 
226 2.9676527976989746
 
226 2.9740188121795654
 
226 2.9811205863952637
 
226 2.988910675048828
 
227 2.995650053024292
 
227 3.002362012863159
 
227 3.0092787742614746
 
228 3.0165956020355225
 
228 3.023263692855835
 
228 3.0300259590148926
 
228 3.037945508956909
 
228 3.044353485107422
 
229 3.051628351211548
 
229 3.058305501937866
 
229 3.065232515335083
 
230 3.072334051132202
 
230 3.079275369644165
 
230 3.0876142978668213
 
230 3.0939793586730957
 
230 3.101109266281128
 
231 3.1079483032226562
 
231 3.11431884765625
 
231 3.1215450763702393
 
232 3.1282882690429688
 
232 3.1366665363311768
 
232 3.143319606781006
 
232 3.1500892639160156
 
233 3.1572535037994385
 
233 3.163665533065796
 
233 3.170701742172241
 
233 3.1776673793792725
 
233 3.184028387069702
 
234 3.192293167114258
 
234 3.1992218494415283
 
234 3.206754207611084
 
234 3.213170051574707
 
234 3.2199387550354004
 
234 3.227081775665283
 
235 3.2334189414978027
 
235 3.2413532733917236
 
235 3.248101234436035
 
236 3.2548041343688965
 
236 3.2620139122009277
 
236 3.269008159637451
 
236 3.2760426998138428
 
236 3.282374143600464
 
236 3.2903223037719727
 
237 3.297490358352661
 
237 3.303864002227783
 
237 3.3109169006347656
 
237 3.3177688121795654
 
237 3.324315071105957
 
238 3.331531047821045
 
238 3.339369535446167
 
238 3.346723794937134
 
238 3.353179693222046
 
238 3.3599321842193604
 
238 3.3670613765716553
 
239 3.373418092727661
 
239 3.3803043365478516
 
239 3.387495994567871
 
239 3.3948397636413574
 
240 3.401925802230835
 
240 3.4088356494903564
 
240 3.4151816368103027
 
240 3.4222943782806396
 
240 3.4292774200439453
 
240 3.4363832473754883
 
241 3.4439263343811035
 
241 3.451237440109253
 
241 3.458102226257324
 
241 3.4647903442382812
 
242 3.471735715866089
 
242 3.4786858558654785
 
242 3.4851346015930176
 
242 3.4933643341064453
 
242 3.5002763271331787
 
242 3.5074777603149414
 
242 3.5138790607452393
 
243 3.5209367275238037
 
243 3.5278148651123047
 
243 3.534182071685791
 
243 3.542299270629883
 
244 3.549222469329834
 
244 3.5563085079193115
 
244 3.563167095184326
 
244 3.569962978363037
 
244 3.5771377086639404
 
244 3.5836920738220215
 
245 3.5906920433044434
 
245 3.598318338394165
 
245 3.604994773864746
 
245 3.612018585205078
 
246 3.6189541816711426
 
246 3.6262400150299072
 
246 3.6329569816589355
 
246 3.63968825340271
 
246 3.6475141048431396
 
246 3.653895139694214
 
246 3.6610724925994873
 
247 3.6679041385650635
 
247 3.6756625175476074
 
247 3.6827566623687744
 
248 3.698345899581909
 
248 3.7075016498565674
 
248 3.714189052581787
 
248 3.7215399742126465
 
248 3.728271484375
 
248 3.7349460124969482
 
248 3.7422127723693848
 
249 3.7501115798950195
 
249 3.7573490142822266
 
249 3.7637624740600586
 
249 3.7707886695861816
 
249 3.777722120285034
 
250 3.78407883644104
 
250 3.791234254837036
 
250 3.7989649772644043
 
250 3.806241273880005
 
250 3.8128342628479004
 
250 3.819410800933838
 
250 3.826723337173462
 
250 3.833169937133789
 
250 3.840108871459961
 
251 3.8479762077331543
 
251 3.854370355606079
 
251 3.866069793701172
 
251 3.8727633953094482
 
252 3.8793601989746094
 
252 3.8869400024414062
 
252 3.8935420513153076
 
252 3.9014415740966797
 
252 3.9081645011901855
 
252 3.914874315261841
 
252 3.9221086502075195
 
252 3.9290356636047363
 
252 3.9360811710357666
 
253 3.9426867961883545
 
253 3.950676202774048
 
253 3.957650661468506
 
253 3.963998317718506
 
253 3.971428155899048
 
253 3.978147029876709
 
253 3.984959840774536
 
253 3.9919986724853516
 
254 3.9999849796295166
 
254 4.0071330070495605
 
254 4.013545989990234
 
254 4.020312309265137
 
254 4.027462959289551
 
254 4.033869981765747
 
254 4.041166305541992
 
254 4.047945499420166
 
255 4.056080102920532
 
255 4.062626600265503
 
255 4.069342613220215
 
255 4.076681137084961
 
255 4.083132743835449
 
256 4.089963436126709
 
256 4.097087621688843
 
256 4.104682922363281
 
256 4.111663579940796
 
256 4.118637561798096
 
256 4.1250786781311035
 
256 4.132202625274658
 
256 4.139087438583374
 
256 4.146202564239502
 
257 4.153624534606934
 
257 4.160803556442261
 
257 4.167699337005615
 
257 4.174081802368164
 
257 4.181215047836304
 
258 4.1880552768707275
 
258 4.194777488708496
 
258 4.202989101409912
 
258 4.209744215011597
 
258 4.216906547546387
 
258 4.223414897918701
 
258 4.2303147315979
 
258 4.237498044967651
 
258 4.243878126144409
 
259 4.250924587249756
 
259 4.258890151977539
 
259 4.265628337860107
 
259 4.272331237792969
 
259 4.279217481613159
 
260 4.286755800247192
 
260 4.2932024002075195
 
260 4.299968004226685
 
260 4.307798385620117
 
260 4.314129590988159
 
260 4.321386337280273
 
260 4.328113079071045
 
260 4.334787845611572
 
260 4.341989994049072
 
260 4.349003314971924
 
261 4.357158184051514
 
261 4.363684177398682
 
261 4.370687961578369
 
261 4.377643585205078
 
262 4.384016036987305
 
262 4.3911051750183105
 
262 4.397924423217773
 
262 4.406327724456787
 
262 4.412992477416992
 
262 4.41972804069519
 
262 4.426886558532715
 
262 4.433311223983765
 
262 4.440073013305664
 
263 4.4473536014556885
 
263 4.453770160675049
 
263 4.461802959442139
 
263 4.468734264373779
 
263 4.47510838508606
 
263 4.4821999073028564
 
263 4.489114284515381
 
263 4.4965980052948
 
263 4.50302529335022
 
264 4.510741233825684
 
264 4.5176472663879395
 
264 4.52419638633728
 
264 4.531432390213013
 
264 4.538184404373169
 
264 4.544887542724609
 
264 4.551934480667114
 
264 4.559820175170898
 
264 4.566969156265259
 
264 4.573326349258423
 
264 4.5802695751190186
 
264 4.58742618560791
 
264 4.59378457069397
 
264 4.600768804550171
 
264 4.608655214309692
 
264 4.6150734424591064
 
264 4.622344732284546
 
264 4.629235744476318
 
264 4.6363279819488525
 
264 4.643145561218262
 
264 4.649930953979492
 
264 4.657023191452026
 
264 4.664173126220703
 
265 4.672282934188843
 
265 4.679197311401367
 
265 4.686266183853149
 
265 4.692869663238525
 
265 4.699888467788696
 
265 4.706986904144287
 
265 4.714001417160034
 
265 4.72110652923584
 
265 4.727951526641846
 
265 4.734330654144287
 
265 4.741546154022217
 
265 4.748232364654541
 
265 4.755090236663818
 
265 4.763414144515991
 
265 4.770206451416016
 
265 4.777353048324585
 
265 4.783783197402954
 
265 4.790764331817627
 
265 4.797677278518677
 
265 4.804020166397095
 
265 4.812239170074463
 
265 4.819125652313232
 
265 4.82663106918335
 
265 4.833041429519653
 
265 4.839857339859009
 
265 4.8469765186309814
 
265 4.853330850601196
 
265 4.860074758529663
 
265 4.871746301651001
 
265 4.8786940574646
 
265 4.886158227920532
 
265 4.893099784851074
 
265 4.899881601333618
 
265 4.9069983959198
 
265 4.91408896446228
 
265 4.921237230300903
 
265 4.93172287940979
 
265 4.938654899597168
 
265 4.945236682891846
 
265 4.952374696731567
 
265 4.9592931270599365
 
265 4.967343807220459
 
265 4.973738670349121
 
265 4.980750560760498
 
265 4.987667560577393
 
265 4.994065523147583
 
265 5.001418590545654
 
