0 0.012275218963623047
 
0 0.02364826202392578
 
0 0.031380653381347656
 
1 0.03900599479675293
 
1 0.04794907569885254
 
2 0.05482149124145508
 
2 0.062218666076660156
 
4 0.06957721710205078
 
4 0.07698392868041992
 
6 0.08449339866638184
 
7 0.09205365180969238
 
8 0.10046052932739258
 
10 0.10839605331420898
 
12 0.11518645286560059
 
13 0.12283635139465332
 
14 0.1303257942199707
 
16 0.13809943199157715
 
18 0.14491963386535645
 
19 0.15368390083312988
 
21 0.16125178337097168
 
23 0.16884207725524902
 
24 0.1756420135498047
 
26 0.18351459503173828
 
28 0.19101381301879883
 
30 0.199296236038208
 
31 0.20644521713256836
 
32 0.2145671844482422
 
34 0.22202277183532715
 
36 0.22939586639404297
 
38 0.23748111724853516
 
39 0.24465131759643555
 
41 0.25300002098083496
 
43 0.2604713439941406
 
44 0.268312931060791
 
46 0.2752714157104492
 
48 0.28292250633239746
 
49 0.2904696464538574
 
51 0.29897022247314453
 
53 0.30606675148010254
 
54 0.31368565559387207
 
56 0.32121777534484863
 
58 0.32882213592529297
 
59 0.33600425720214844
 
61 0.3435487747192383
 
63 0.35213255882263184
 
64 0.3594944477081299
 
66 0.3675370216369629
 
68 0.3749103546142578
 
69 0.3824596405029297
 
71 0.3896791934967041
 
72 0.39770054817199707
 
74 0.40554213523864746
 
76 0.4134359359741211
 
78 0.4209737777709961
 
78 0.4285719394683838
 
80 0.43538856506347656
 
82 0.4430806636810303
 
83 0.4515388011932373
 
85 0.4591219425201416
 
86 0.4663701057434082
 
88 0.4741225242614746
 
90 0.48143458366394043
 
91 0.4890282154083252
 
92 0.49631214141845703
 
94 0.5049080848693848
 
96 0.5125951766967773
 
97 0.520179271697998
 
98 0.5279698371887207
 
100 0.5348377227783203
 
101 0.5424017906188965
 
103 0.549666166305542
 
104 0.5586481094360352
 
106 0.5654826164245605
 
107 0.573474645614624
 
108 0.5810694694519043
 
110 0.5886743068695068
 
111 0.5955009460449219
 
112 0.604358434677124
 
114 0.6115951538085938
 
116 0.6192200183868408
 
116 0.626509428024292
 
118 0.6345596313476562
 
120 0.6420578956604004
 
121 0.6493790149688721
 
122 0.6582751274108887
 
124 0.6651062965393066
 
125 0.6728312969207764
 
126 0.6803135871887207
 
128 0.6880738735198975
 
129 0.6950836181640625
 
130 0.7027740478515625
 
132 0.7111208438873291
 
133 0.7187182903289795
 
134 0.7255556583404541
 
136 0.7333149909973145
 
137 0.7407362461090088
 
138 0.7485859394073486
 
139 0.7573995590209961
 
141 0.7645430564880371
 
142 0.771986722946167
 
144 0.779386043548584
 
144 0.786513090133667
 
146 0.7944149971008301
 
147 0.8016571998596191
 
148 0.8103008270263672
 
150 0.8183164596557617
 
151 0.8262231349945068
 
152 0.8339784145355225
 
154 0.8413245677947998
 
155 0.8489804267883301
 
156 0.8574578762054443
 
158 0.8646035194396973
 
159 0.8722679615020752
 
160 0.8796589374542236
 
162 0.8876686096191406
 
163 0.8947696685791016
 
164 0.9022719860076904
 
165 0.9106423854827881
 
166 0.9184691905975342
 
168 0.9252662658691406
 
169 0.9330863952636719
 
170 0.9405307769775391
 
171 0.948291540145874
 
172 0.9550974369049072
 
174 0.9635097980499268
 
175 0.9710891246795654
 
176 0.9786858558654785
 
177 0.985508918762207
 
178 0.9935319423675537
 
180 1.0010979175567627
 
181 1.0094335079193115
 
183 1.0211474895477295
 
184 1.0288238525390625
 
185 1.0360116958618164
 
186 1.044114112854004
 
187 1.0515491962432861
 
188 1.0600652694702148
 
190 1.067713975906372
 
191 1.074845790863037
 
192 1.082399606704712
 
193 1.0896549224853516
 
194 1.0975427627563477
 
195 1.104701280593872
 
196 1.1133003234863281
 
198 1.12101411819458
 
199 1.128685474395752
 
200 1.1355035305023193
 
201 1.143458604812622
 
202 1.1509785652160645
 
203 1.1586782932281494
 
204 1.1665339469909668
 
205 1.174574375152588
 
206 1.1820077896118164
 
207 1.1893651485443115
 
208 1.1964929103851318
 
209 1.2043683528900146
 
210 1.2127411365509033
 
212 1.2202444076538086
 
212 1.22796630859375
 
214 1.2349934577941895
 
214 1.2425501346588135
 
216 1.2501866817474365
 
217 1.2579355239868164
 
218 1.2655646800994873
 
219 1.273597002029419
 
220 1.2811059951782227
 
221 1.2887117862701416
 
222 1.2956938743591309
 
223 1.3035204410552979
 
224 1.311030626296997
 
225 1.3193848133087158
 
226 1.3265199661254883
 
227 1.3344228267669678
 
228 1.3416690826416016
 
229 1.349334716796875
 
230 1.3565800189971924
 
231 1.3653042316436768
 
232 1.3729572296142578
 
233 1.3804163932800293
 
234 1.388237476348877
 
235 1.395063877105713
 
236 1.402907371520996
 
237 1.4103412628173828
 
238 1.4190950393676758
 
239 1.426239013671875
 
240 1.4339861869812012
 
241 1.4412949085235596
 
242 1.4488956928253174
 
243 1.4556734561920166
 
244 1.4634771347045898
 
245 1.4722654819488525
 
246 1.4796278476715088
 
247 1.4874482154846191
 
248 1.4945762157440186
 
248 1.5020854473114014
 
250 1.5095195770263672
 
250 1.5183079242706299
 
251 1.5251450538635254
 
252 1.5329837799072266
 
253 1.5404486656188965
 
254 1.548253059387207
 
255 1.5550029277801514
 
256 1.5626962184906006
 
257 1.5711090564727783
 
258 1.578709602355957
 
258 1.585486650466919
 
259 1.5933568477630615
 
260 1.6009395122528076
 
261 1.6085352897644043
 
262 1.6153364181518555
 
263 1.6239662170410156
 
264 1.6313183307647705
 
264 1.6389079093933105
 
265 1.645704746246338
 
266 1.653944492340088
 
267 1.6613645553588867
 
268 1.6700289249420166
 
269 1.6776854991912842
 
270 1.684790849685669
 
270 1.6922478675842285
 
271 1.6995837688446045
 
272 1.7074601650238037
 
273 1.714735984802246
 
274 1.7232627868652344
 
274 1.7306652069091797
 
275 1.7384684085845947
 
276 1.745304822921753
 
277 1.7529940605163574
 
278 1.7604725360870361
 
278 1.7682712078094482
 
279 1.7763762474060059
 
280 1.7841811180114746
 
281 1.7916440963745117
 
282 1.7992527484893799
 
282 1.8063788414001465
 
283 1.8141562938690186
 
284 1.8231217861175537
 
285 1.8305833339691162
 
286 1.838536262512207
 
286 1.8453307151794434
 
287 1.8530149459838867
 
288 1.8604748249053955
 
288 1.8682811260223389
 
289 1.875988483428955
 
290 1.8835318088531494
 
291 1.891190767288208
 
292 1.898806095123291
 
292 1.905574083328247
 
293 1.9133052825927734
 
294 1.9207117557525635
 
294 1.929372787475586
 
295 1.936492919921875
 
296 1.9444372653961182
 
297 1.9520378112792969
 
298 1.9593756198883057
 
298 1.9664828777313232
 
299 1.9750862121582031
 
300 1.9826881885528564
 
300 1.9902076721191406
 
301 1.9979639053344727
 
302 2.0047919750213623
 
302 2.0194034576416016
 
304 2.028444290161133
 
304 2.0354158878326416
 
305 2.043438196182251
 
306 2.0511550903320312
 
306 2.0587921142578125
 
307 2.0655951499938965
 
308 2.073578357696533
 
308 2.082179069519043
 
309 2.0895283222198486
 
310 2.0973927974700928
 
310 2.1045424938201904
 
311 2.112037420272827
 
312 2.11936354637146
 
312 2.128307580947876
 
313 2.1352946758270264
 
314 2.1429431438446045
 
314 2.15037202835083
 
315 2.158139228820801
 
316 2.1649434566497803
 
316 2.1725101470947266
 
317 2.181175947189331
 
318 2.1887760162353516
 
318 2.1960301399230957
 
319 2.2036290168762207
 
320 2.211129903793335
 
320 2.218714714050293
 
321 2.2255592346191406
 
322 2.2345223426818848
 
322 2.241988182067871
 
323 2.2493417263031006
 
324 2.25738525390625
 
324 2.2645444869995117
 
325 2.2719671726226807
 
326 2.280534267425537
 
326 2.2882726192474365
 
327 2.2950639724731445
 
327 2.302747964859009
 
328 2.3102526664733887
 
328 2.318249464035034
 
329 2.325047254562378
 
330 2.3335912227630615
 
330 2.341168165206909
 
331 2.3487870693206787
 
332 2.3555667400360107
 
332 2.3633110523223877
 
333 2.3707070350646973
 
334 2.378695487976074
 
334 2.3865444660186768
 
334 2.3944075107574463
 
335 2.4016528129577637
 
336 2.409247636795044
 
336 2.416335105895996
 
337 2.424027681350708
 
338 2.432589054107666
 
338 2.440166711807251
 
338 2.448262929916382
 
339 2.455075263977051
 
340 2.462695360183716
 
340 2.4701569080352783
 
341 2.4776854515075684
 
341 2.48555588722229
 
342 2.4934792518615723
 
342 2.500993013381958
 
343 2.5086209774017334
 
344 2.515458106994629
 
344 2.523076295852661
 
344 2.5305368900299072
 
345 2.539083242416382
 
346 2.5461995601654053
 
346 2.554072141647339
 
347 2.5613861083984375
 
348 2.572606325149536
 
348 2.580073356628418
 
349 2.588740587234497
 
349 2.5956032276153564
 
350 2.6034433841705322
 
350 2.61116623878479
 
351 2.6187987327575684
 
351 2.625581979751587
 
352 2.633431911468506
 
352 2.642061233520508
 
353 2.649348258972168
 
353 2.6565003395080566
 
354 2.6642932891845703
 
354 2.671945333480835
 
355 2.6793181896209717
 
356 2.688352346420288
 
356 2.6951615810394287
 
356 2.703005075454712
 
357 2.710463047027588
 
358 2.7182886600494385
 
358 2.725127696990967
 
358 2.7328991889953613
 
359 2.7413270473480225
 
360 2.7490086555480957
 
360 2.7557127475738525
 
360 2.7633585929870605
 
361 2.7707321643829346
 
361 2.778402328491211
 
362 2.7850992679595947
 
362 2.7936220169067383
 
363 2.801091194152832
 
363 2.8085196018218994
 
364 2.815223217010498
 
364 2.823685646057129
 
364 2.831254720687866
 
365 2.839409112930298
 
365 2.8464715480804443
 
366 2.8544018268585205
 
366 2.861510753631592
 
366 2.8690192699432373
 
366 2.875702142715454
 
367 2.883430004119873
 
367 2.891655921936035
 
367 2.8991150856018066
 
367 2.9060394763946533
 
367 2.9136879444122314
 
367 2.9210922718048096
 
367 2.9287095069885254
 
366 2.935420274734497
 
366 2.944138765335083
 
366 2.951317310333252
 
366 2.9587972164154053
 
366 2.9656739234924316
 
366 2.973543882369995
 
366 2.9809887409210205
 
366 2.9884824752807617
 
366 2.996264934539795
 
366 3.003685712814331
 
366 3.0111448764801025
 
366 3.0225942134857178
 
366 3.0299761295318604
 
366 3.0379574298858643
 
366 3.046031951904297
 
365 3.0535645484924316
 
365 3.0611305236816406
 
364 3.06874418258667
 
364 3.0755574703216553
 
364 3.0832877159118652
 
363 3.091991662979126
 
362 3.0993475914001465
 
362 3.1064815521240234
 
362 3.114347457885742
 
361 3.1215550899505615
 
361 3.1292192935943604
 
360 3.1362593173980713
 
360 3.1448075771331787
 
359 3.152393102645874
 
359 3.1595611572265625
 
358 3.1665639877319336
 
358 3.1743338108062744
 
358 3.1814775466918945
 
357 3.1890416145324707
 
356 3.197448492050171
 
356 3.2044777870178223
 
356 3.2117109298706055
 
355 3.2192111015319824
 
355 3.226374387741089
 
354 3.2340002059936523
 
354 3.241215944290161
 
354 3.2494008541107178
 
354 3.2564175128936768
 
353 3.264164686203003
 
353 3.271472692489624
 
353 3.2790279388427734
 
353 3.2859880924224854
 
352 3.2934958934783936
 
352 3.3016161918640137
 
352 3.309133291244507
 
352 3.316096782684326
 
352 3.3235116004943848
 
353 3.3307528495788574
 
353 3.338624954223633
 
353 3.3463828563690186
 
353 3.354297399520874
 
353 3.3613970279693604
 
353 3.3688805103302
 
353 3.3755338191986084
 
353 3.383255958557129
 
353 3.390523672103882
 
353 3.3992221355438232
 
353 3.40634822845459
 
354 3.414050340652466
 
354 3.4213385581970215
 
354 3.42893648147583
 
354 3.435978889465332
 
355 3.4435112476348877
 
355 3.452115297317505
 
356 3.459439754486084
 
356 3.466553211212158
 
357 3.474409580230713
 
357 3.4820566177368164
 
358 3.4893579483032227
 
358 3.498154401779175
 
359 3.5049850940704346
 
359 3.5128118991851807
 
360 3.520042657852173
 
360 3.527583360671997
 
360 3.5345730781555176
 
361 3.5416629314422607
 
362 3.5502114295959473
 
362 3.557694673538208
 
362 3.564709186553955
 
363 3.5722577571868896
 
363 3.5795860290527344
 
364 3.586549997329712
 
364 3.5941672325134277
 
365 3.6025447845458984
 
365 3.6096925735473633
 
366 3.6176509857177734
 
366 3.62465500831604
 
366 3.632219076156616
 
366 3.639425277709961
 
366 3.646418809890747
 
367 3.654913902282715
 
367 3.6623597145080566
 
367 3.6695144176483154
 
367 3.676517963409424
 
367 3.6840949058532715
 
366 3.691394567489624
 
366 3.698972702026367
 
366 3.707476854324341
 
366 3.714481830596924
 
366 3.721555709838867
 
366 3.729038953781128
 
366 3.7359695434570312
 
366 3.7436442375183105
 
366 3.7522311210632324
 
366 3.759474515914917
 
366 3.766475200653076
 
366 3.774111032485962
 
366 3.7813074588775635
 
366 3.788814067840576
 
366 3.795492172241211
 
366 3.8041789531707764
 
366 3.8116776943206787
 
365 3.819243907928467
 
365 3.8280227184295654
 
364 3.83487606048584
 
364 3.842456102371216
 
364 3.8496479988098145
 
363 3.8584847450256348
 
363 3.865285873413086
 
362 3.8731207847595215
 
362 3.8805596828460693
 
361 3.888370990753174
 
361 3.8951995372772217
 
360 3.902808666229248
 
360 3.9111084938049316
 
359 3.918609142303467
 
359 3.9254212379455566
 
358 3.933107852935791
 
358 3.940504312515259
 
357 3.948164701461792
 
357 3.9555540084838867
 
356 3.9631221294403076
 
356 3.970492124557495
 
356 3.978168487548828
 
355 3.984912872314453
 
355 3.992530584335327
 
354 3.9996602535247803
 
354 4.008672714233398
 
353 4.031468868255615
 
353 4.0390191078186035
 
353 4.046303987503052
 
352 4.054321050643921
 
352 4.071487903594971
 
352 4.086530447006226
 
353 4.104323863983154
 
353 4.120065212249756
 
353 4.13325834274292
 
353 4.148801803588867
 
352 4.1651599407196045
 
353 4.184056282043457
 
353 4.197612047195435
 
353 4.209611177444458
 
353 4.230207204818726
 
353 4.244995832443237
 
353 4.258618354797363
 
353 4.2751452922821045
 
353 4.288818836212158
 
353 4.296543121337891
 
353 4.304390907287598
 
353 4.311607599258423
 
353 4.319172382354736
 
354 4.32632303237915
 
354 4.342198133468628
 
355 4.357595205307007
 
355 4.365558624267578
 
356 4.373268365859985
 
356 4.380699157714844
 
357 4.389207363128662
 
357 4.396522760391235
 
358 4.4044036865234375
 
358 4.412010908126831
 
359 4.41939640045166
 
359 4.426508188247681
 
360 4.434183835983276
 
360 4.44257926940918
 
361 4.449682235717773
 
361 4.457389831542969
 
362 4.4644293785095215
 
362 4.471964120864868
 
362 4.479216814041138
 
363 4.4862589836120605
 
364 4.494802236557007
 
364 4.502145767211914
 
364 4.509383916854858
 
365 4.516387462615967
 
365 4.524339199066162
 
366 4.531603097915649
 
366 4.53910231590271
 
366 4.547631740570068
 
366 4.5546181201934814
 
366 4.561948299407959
 
367 4.569208860397339
 
367 4.576298952102661
 
367 4.58371114730835
 
367 4.59216570854187
 
367 4.5993735790252686
 
367 4.606377601623535
 
366 4.614089250564575
 
366 4.621292591094971
 
366 4.62881326675415
 
366 4.635493516921997
 
366 4.644287109375
 
366 4.651571035385132
 
366 4.6590375900268555
 
366 4.666020393371582
 
366 4.673456430435181
 
366 4.680720806121826
 
366 4.688377141952515
 
366 4.6960999965667725
 
366 4.703518390655518
 
366 4.711148500442505
 
366 4.718699216842651
 
365 4.725586652755737
 
365 4.733342885971069
 
364 4.740970611572266
 
364 4.749355792999268
 
364 4.756487131118774
 
363 4.7643797397613525
 
363 4.772012233734131
 
362 4.779407501220703
 
362 4.787402629852295
 
362 4.795223951339722
 
361 4.802979230880737
 
360 4.810486316680908
 
360 4.818156719207764
 
359 4.825575828552246
 
359 4.833463430404663
 
358 4.8407323360443115
 
358 4.849209785461426
 
358 4.856264591217041
 
357 4.863688945770264
 
356 4.871111631393433
 
356 4.878559827804565
 
356 4.885250806808472
 
355 4.89297890663147
 
355 4.901408672332764
 
354 4.908894062042236
 
354 4.915975332260132
 
354 4.923442363739014
 
354 4.930676221847534
 
353 4.9383251667022705
 
353 4.945045709609985
 
353 4.953684568405151
 
352 4.9611310958862305
 
352 4.968649387359619
 
352 4.975329399108887
 
352 4.982867240905762
 
352 4.990237712860107
 
352 4.998647689819336
 
353 5.0053932666778564
 
