0 0.011925458908081055
 
1 0.01909613609313965
 
1 0.027432918548583984
 
2 0.03400683403015137
 
3 0.04178118705749512
 
5 0.04896879196166992
 
7 0.05664968490600586
 
9 0.06323504447937012
 
11 0.07186150550842285
 
15 0.07929635047912598
 
17 0.08678388595581055
 
20 0.09345293045043945
 
22 0.10084700584411621
 
25 0.10791325569152832
 
28 0.11488795280456543
 
32 0.12331843376159668
 
35 0.13095641136169434
 
38 0.1383216381072998
 
41 0.14586591720581055
 
44 0.15284228324890137
 
48 0.15989971160888672
 
51 0.16736793518066406
 
55 0.17580461502075195
 
57 0.18274784088134766
 
61 0.18997788429260254
 
65 0.1973710060119629
 
67 0.20436382293701172
 
71 0.21172595024108887
 
74 0.21901512145996094
 
78 0.22745680809020996
 
81 0.23445367813110352
 
84 0.2418501377105713
 
87 0.24904990196228027
 
90 0.2568540573120117
 
93 0.2637145519256592
 
97 0.2712399959564209
 
100 0.27957940101623535
 
103 0.2870640754699707
 
106 0.2937302589416504
 
109 0.3012268543243408
 
112 0.3085196018218994
 
115 0.31632041931152344
 
118 0.3230588436126709
 
121 0.33118104934692383
 
123 0.33842039108276367
 
127 0.3458824157714844
 
129 0.35286974906921387
 
132 0.3599891662597656
 
135 0.3674442768096924
 
137 0.3745994567871094
 
141 0.38306617736816406
 
143 0.39057159423828125
 
146 0.3977024555206299
 
148 0.4047214984893799
 
151 0.41228675842285156
 
153 0.41940760612487793
 
156 0.4277503490447998
 
158 0.43487024307250977
 
161 0.4424910545349121
 
164 0.4497082233428955
 
166 0.4571664333343506
 
168 0.4639003276824951
 
171 0.47139811515808105
 
173 0.47971057891845703
 
176 0.4872105121612549
 
178 0.49402952194213867
 
181 0.5016367435455322
 
183 0.5088472366333008
 
185 0.5164539813995361
 
187 0.5232980251312256
 
190 0.531623125076294
 
191 0.5388295650482178
 
194 0.5464925765991211
 
197 0.5533630847930908
 
198 0.5607335567474365
 
201 0.5679099559783936
 
202 0.5748481750488281
 
205 0.5832498073577881
 
207 0.5906209945678711
 
209 0.5978617668151855
 
211 0.6048548221588135
 
213 0.6127095222473145
 
215 0.619783878326416
 
217 0.6272966861724854
 
219 0.63580322265625
 
221 0.6427567005157471
 
223 0.649979829788208
 
225 0.6574270725250244
 
227 0.6643304824829102
 
229 0.6719326972961426
 
231 0.6793029308319092
 
233 0.6875386238098145
 
234 0.6945903301239014
 
236 0.7019252777099609
 
238 0.7091081142425537
 
239 0.7167279720306396
 
241 0.7234749794006348
 
243 0.7320265769958496
 
245 0.739377498626709
 
246 0.7468266487121582
 
248 0.7545735836029053
 
250 0.761927604675293
 
251 0.7691030502319336
 
253 0.776731014251709
 
255 0.7846853733062744
 
256 0.7924249172210693
 
258 0.7995748519897461
 
260 0.8070583343505859
 
261 0.8137609958648682
 
263 0.8211965560913086
 
264 0.8283696174621582
 
265 0.8367958068847656
 
267 0.8434853553771973
 
268 0.8511183261871338
 
270 0.858363151550293
 
271 0.8660318851470947
 
272 0.8730130195617676
 
274 0.8803508281707764
 
275 0.8887064456939697
 
277 0.8960692882537842
 
278 0.9030206203460693
 
279 0.9105439186096191
 
281 0.9177186489105225
 
282 0.9247090816497803
 
283 0.932060718536377
 
285 0.9487435817718506
 
287 0.956561803817749
 
289 0.9634053707122803
 
290 0.9712169170379639
 
291 0.9785258769989014
 
293 0.9894459247589111
 
295 1.0040616989135742
 
297 1.0180540084838867
 
300 1.0366511344909668
 
303 1.0531456470489502
 
305 1.0695228576660156
 
307 1.0844621658325195
 
309 1.0980722904205322
 
312 1.1188318729400635
 
314 1.1333622932434082
 
316 1.1473875045776367
 
318 1.163886547088623
 
320 1.179940938949585
 
322 1.198566198348999
 
324 1.2114107608795166
 
325 1.2205920219421387
 
326 1.227736234664917
 
327 1.2347307205200195
 
328 1.242067813873291
 
329 1.2544608116149902
 
331 1.2674331665039062
 
332 1.2803614139556885
 
333 1.2880184650421143
 
334 1.2957510948181152
 
334 1.3028836250305176
 
335 1.3099632263183594
 
336 1.3179950714111328
 
337 1.3252978324890137
 
337 1.3327758312225342
 
338 1.3398208618164062
 
339 1.3472800254821777
 
340 1.353867769241333
 
341 1.3613560199737549
 
341 1.3695082664489746
 
342 1.3769896030426025
 
343 1.383681297302246
 
343 1.3913207054138184
 
344 1.3985927104949951
 
345 1.4060068130493164
 
345 1.4129955768585205
 
346 1.4211905002593994
 
347 1.4285342693328857
 
347 1.4362900257110596
 
348 1.4430415630340576
 
349 1.4505650997161865
 
349 1.4576966762542725
 
350 1.4647130966186523
 
351 1.4732921123504639
 
351 1.4806005954742432
 
352 1.4878005981445312
 
353 1.4948041439056396
 
353 1.5024359226226807
 
354 1.5096843242645264
 
354 1.5171399116516113
 
355 1.524855375289917
 
355 1.532423973083496
 
356 1.5395359992980957
 
357 1.547041893005371
 
357 1.553708553314209
 
357 1.5613384246826172
 
358 1.5697388648986816
 
359 1.5772709846496582
 
359 1.5838851928710938
 
360 1.5913574695587158
 
360 1.5985450744628906
 
361 1.6058604717254639
 
361 1.612706184387207
 
362 1.620781660079956
 
362 1.6278250217437744
 
363 1.6348364353179932
 
363 1.6422882080078125
 
363 1.6493215560913086
 
364 1.6566903591156006
 
364 1.6632637977600098
 
364 1.671454668045044
 
364 1.6787824630737305
 
364 1.686398983001709
 
364 1.6933043003082275
 
364 1.7007393836975098
 
363 1.7078516483306885
 
363 1.7148141860961914
 
363 1.7232823371887207
 
363 1.7306151390075684
 
362 1.7378122806549072
 
362 1.7447774410247803
 
361 1.7533018589019775
 
361 1.7606298923492432
 
360 1.7678203582763672
 
360 1.7765278816223145
 
359 1.7830758094787598
 
359 1.7900469303131104
 
358 1.7974226474761963
 
358 1.8040213584899902
 
357 1.8117256164550781
 
357 1.8189940452575684
 
357 1.8275306224822998
 
356 1.8343913555145264
 
356 1.8416476249694824
 
356 1.848754644393921
 
356 1.8563880920410156
 
356 1.8630990982055664
 
356 1.8705995082855225
 
357 1.8788394927978516
 
357 1.8864290714263916
 
357 1.893162488937378
 
358 1.9004268646240234
 
358 1.907576560974121
 
359 1.9145727157592773
 
359 1.9219496250152588
 
359 1.9305028915405273
 
360 1.9375524520874023
 
361 1.9519286155700684
 
361 1.9590671062469482
 
362 1.9667892456054688
 
363 1.9735932350158691
 
363 1.981821060180664
 
363 1.9889984130859375
 
363 1.9967122077941895
 
364 2.0032782554626465
 
364 2.010509967803955
 
364 2.0175509452819824
 
364 2.0245189666748047
 
364 2.033015489578247
 
364 2.040321111679077
 
363 2.047513961791992
 
363 2.0546376705169678
 
363 2.062068462371826
 
363 2.0693721771240234
 
362 2.077427625656128
 
362 2.084561586380005
 
361 2.0919182300567627
 
361 2.0991060733795166
 
361 2.106706142425537
 
360 2.113408327102661
 
359 2.1207261085510254
 
359 2.1287872791290283
 
359 2.136300802230835
 
358 2.1429643630981445
 
357 2.149932622909546
 
357 2.15724778175354
 
357 2.163780450820923
 
357 2.1713545322418213
 
356 2.1795401573181152
 
356 2.1868770122528076
 
356 2.193438768386841
 
356 2.200822353363037
 
357 2.2079522609710693
 
357 2.215836524963379
 
357 2.2227725982666016
 
357 2.2311527729034424
 
358 2.2383570671081543
 
358 2.2458488941192627
 
359 2.252786159515381
 
359 2.2598133087158203
 
359 2.267327308654785
 
360 2.273904323577881
 
361 2.28241229057312
 
361 2.289533853530884
 
361 2.296924591064453
 
362 2.303478479385376
 
362 2.310725688934326
 
363 2.317681074142456
 
363 2.324570417404175
 
363 2.332906484603882
 
364 2.3400075435638428
 
364 2.3473658561706543
 
364 2.354363441467285
 
364 2.3617825508117676
 
364 2.3690013885498047
 
364 2.376621961593628
 
364 2.3840250968933105
 
363 2.391502857208252
 
363 2.3987886905670166
 
363 2.4064009189605713
 
363 2.413242816925049
 
362 2.420581579208374
 
362 2.427712917327881
 
361 2.436495542526245
 
361 2.443148612976074
 
361 2.4504241943359375
 
360 2.45760440826416
 
359 2.4645988941192627
 
359 2.4723198413848877
 
359 2.479360342025757
 
358 2.4874284267425537
 
357 2.4939775466918945
 
357 2.5013980865478516
 
357 2.5085487365722656
 
357 2.515822172164917
 
356 2.522559404373169
 
356 2.5297837257385254
 
356 2.537862777709961
 
356 2.5448122024536133
 
356 2.5524051189422607
 
357 2.5594921112060547
 
357 2.5668768882751465
 
357 2.5735368728637695
 
357 2.5809266567230225
 
358 2.5894858837127686
 
359 2.5969743728637695
 
359 2.6037988662719727
 
360 2.6147780418395996
 
360 2.6220622062683105
 
361 2.629295587539673
 
361 2.637279510498047
 
362 2.643843173980713
 
362 2.651398181915283
 
363 2.658555746078491
 
363 2.665837526321411
 
363 2.6727166175842285
 
363 2.6797189712524414
 
364 2.68774676322937
 
364 2.694617748260498
 
364 2.702047348022461
 
364 2.709519863128662
 
364 2.7169995307922363
 
364 2.723712921142578
 
363 2.7313461303710938
 
363 2.739617347717285
 
363 2.747087001800537
 
363 2.754749298095703
 
362 2.7622969150543213
 
362 2.7695376873016357
 
361 2.7770111560821533
 
361 2.7837183475494385
 
360 2.7924134731292725
 
360 2.799466848373413
 
359 2.806903839111328
 
359 2.813506841659546
 
359 2.8208138942718506
 
358 2.827815294265747
 
357 2.8348143100738525
 
357 2.843245506286621
 
357 2.850426435470581
 
357 2.857492208480835
 
356 2.864504814147949
 
356 2.8717191219329834
 
356 2.879025936126709
 
356 2.886650800704956
 
357 2.894335985183716
 
357 2.9016504287719727
 
357 2.9088664054870605
 
357 2.916407585144043
 
358 2.9230642318725586
 
358 2.930417537689209
 
359 2.9375710487365723
 
359 2.9496266841888428
 
360 2.957090139389038
 
360 2.963869094848633
 
361 2.971472978591919
 
361 2.97868013381958
 
362 2.9859347343444824
 
362 2.9937193393707275
 
363 3.001096725463867
 
363 3.0079877376556396
 
363 3.015787363052368
 
363 3.022643804550171
 
364 3.0295753479003906
 
364 3.03690505027771
 
364 3.0446667671203613
 
364 3.0520663261413574
 
364 3.059417247772217
 
364 3.0668442249298096
 
363 3.073700428009033
 
363 3.0811679363250732
 
363 3.088372230529785
 
363 3.096950054168701
 
362 3.1035869121551514
 
362 3.1111013889312744
 
361 3.1180644035339355
 
361 3.126063108444214
 
361 3.1331467628479004
 
360 3.140453815460205
 
360 3.148555040359497
 
359 3.1559109687805176
 
359 3.162789821624756
 
358 3.16973614692688
 
358 3.177067756652832
 
357 3.183628797531128
 
357 3.1911725997924805
 
357 3.1993017196655273
 
357 3.2066309452056885
 
356 3.2131893634796143
 
356 3.220369815826416
 
356 3.227569818496704
 
356 3.234560251235962
 
357 3.2419204711914062
 
357 3.250537395477295
 
357 3.257664203643799
 
357 3.264586925506592
 
358 3.272017240524292
 
359 3.279330253601074
 
359 3.28674054145813
 
359 3.293405294418335
 
360 3.3016295433044434
 
360 3.30877685546875
 
361 3.3164243698120117
 
361 3.323031425476074
 
361 3.330009937286377
 
362 3.3373398780822754
 
363 3.343878746032715
 
363 3.352302074432373
 
363 3.359370470046997
 
363 3.366726875305176
 
364 3.373447895050049
 
364 3.380903482437134
 
364 3.3879997730255127
 
364 3.395733118057251
 
364 3.4033145904541016
 
364 3.4107439517974854
 
363 3.4178647994995117
 
363 3.424809455871582
 
363 3.432703971862793
 
363 3.4397518634796143
 
362 3.4479897022247314
 
362 3.45534348487854
 
361 3.4626853466033936
 
361 3.4697561264038086
 
361 3.4772541522979736
 
360 3.4837961196899414
 
359 3.4913406372070312
 
359 3.4995219707489014
 
359 3.5069165229797363
 
358 3.5136780738830566
 
357 3.521118640899658
 
357 3.527985095977783
 
357 3.5348494052886963
 
357 3.542290687561035
 
356 3.55051851272583
 
356 3.557568311691284
 
356 3.5644354820251465
 
356 3.571847915649414
 
356 3.5790417194366455
 
357 3.5866575241088867
 
357 3.5932812690734863
 
357 3.6015217304229736
 
357 3.6088225841522217
 
358 3.6166679859161377
 
359 3.6232659816741943
 
359 3.630587100982666
 
359 3.6377084255218506
 
360 3.644815444946289
 
361 3.6532270908355713
 
361 3.6604342460632324
 
361 3.667503833770752
 
362 3.674543619155884
 
362 3.6817853450775146
 
363 3.688868284225464
 
363 3.6963491439819336
 
363 3.7037999629974365
 
363 3.7112207412719727
 
364 3.718378782272339
 
364 3.7257306575775146
 
364 3.7329013347625732
 
364 3.7399725914001465
 
364 3.747417449951172
 
364 3.7568283081054688
 
363 3.7634940147399902
 
363 3.771155834197998
 
363 3.7783098220825195
 
363 3.7858216762542725
 
362 3.7929673194885254
 
362 3.80003023147583
 
361 3.8084194660186768
 
361 3.815868377685547
 
361 3.8228750228881836
 
360 3.8299059867858887
 
359 3.8372621536254883
 
359 3.8437814712524414
 
359 3.851396322250366
 
358 3.85955810546875
 
358 3.866915464401245
 
357 3.873497247695923
 
357 3.8808138370513916
 
357 3.8878097534179688
 
357 3.8947596549987793
 
356 3.902456045150757
 
356 3.9107632637023926
 
356 3.917884349822998
 
356 3.924837827682495
 
357 3.9324042797088623
 
357 3.939491033554077
 
358 3.9585185050964355
 
358 3.9663026332855225
 
359 3.973393201828003
 
359 3.9810938835144043
 
360 3.988332748413086
 
360 3.9953482151031494
 
361 4.002458572387695
 
361 4.010332345962524
 
362 4.017442226409912
 
362 4.023989915847778
 
363 4.031651020050049
 
363 4.038781404495239
 
363 4.046071290969849
 
363 4.052918434143066
 
364 4.060855150222778
 
364 4.067855596542358
 
364 4.074750900268555
 
364 4.082421779632568
 
364 4.08966851234436
 
364 4.097123384475708
 
364 4.10378623008728
 
363 4.112476348876953
 
363 4.1195666790008545
 
363 4.127028226852417
 
363 4.133707761764526
 
362 4.1411707401275635
 
361 4.148358345031738
 
361 4.155996799468994
 
361 4.163864374160767
 
360 4.1713573932647705
 
360 4.178565740585327
 
359 4.185840368270874
 
359 4.1927032470703125
 
358 4.199703216552734
 
358 4.207057237625122
 
357 4.214800834655762
 
357 4.222309589385986
 
357 4.229302167892456
 
356 4.236646890640259
 
356 4.243170261383057
 
356 4.250367641448975
 
356 4.257558584213257
 
356 4.266025066375732
 
357 4.273130893707275
 
357 4.280407428741455
 
357 4.287595272064209
 
357 4.294703960418701
 
358 4.302041292190552
 
358 4.3093953132629395
 
359 4.317578315734863
 
359 4.324516296386719
 
360 4.3320631980896
 
360 4.33931565284729
 
361 4.346673250198364
 
361 4.353165864944458
 
361 4.3603739738464355
 
362 4.368523836135864
 
363 4.3757805824279785
 
363 4.382538795471191
 
363 4.389754295349121
 
363 4.397136211395264
 
364 4.403705596923828
 
364 4.4111011028289795
 
364 4.419594049453735
 
364 4.427037239074707
 
364 4.433702707290649
 
363 4.441163778305054
 
363 4.448391675949097
 
363 4.456047534942627
 
363 4.463735103607178
 
363 4.471202373504639
 
362 4.478423833847046
 
362 4.485883712768555
 
361 4.492841482162476
 
361 4.4998698234558105
 
361 4.5073230266571045
 
360 4.515841007232666
 
359 4.522681951522827
 
359 4.529672622680664
 
359 4.537050724029541
 
358 4.543644905090332
 
358 4.5512285232543945
 
357 4.55841064453125
 
357 4.56680154800415
 
357 4.573500394821167
 
356 4.580770254135132
 
356 4.587724685668945
 
356 4.594650745391846
 
356 4.602035045623779
 
357 4.609410285949707
 
357 4.6174421310424805
 
357 4.6243555545806885
 
357 4.6319496631622314
 
358 4.639090299606323
 
358 4.646728277206421
 
359 4.65339469909668
 
359 4.66080904006958
 
359 4.668885707855225
 
360 4.6763880252838135
 
361 4.6831443309783936
 
361 4.690465211868286
 
361 4.697498559951782
 
362 4.704027891159058
 
362 4.711458683013916
 
363 4.719609022140503
 
363 4.726954460144043
 
363 4.7334983348846436
 
364 4.740857362747192
 
364 4.7478344440460205
 
364 4.756557464599609
 
364 4.763195037841797
 
364 4.771615743637085
 
364 4.77881932258606
 
364 4.786449193954468
 
363 4.793166399002075
 
363 4.800429344177246
 
363 4.807607173919678
 
363 4.814750671386719
 
362 4.823267221450806
 
362 4.830598831176758
 
361 4.837741374969482
 
361 4.84472131729126
 
361 4.852294206619263
 
360 4.859314918518066
 
359 4.866641283035278
 
359 4.873990058898926
 
359 4.881422758102417
 
358 4.888653039932251
 
358 4.89592432975769
 
357 4.90282130241394
 
357 4.909813404083252
 
357 4.917178392410278
 
356 4.924802541732788
 
356 4.932473182678223
 
356 4.93962025642395
 
356 4.950948476791382
 
357 4.9580018520355225
 
357 4.965893507003784
 
357 4.97381854057312
 
358 4.98127293586731
 
358 4.988542318344116
 
359 4.996365547180176
 
359 5.003060340881348
 
