0 0.013154745101928711
 
1 0.020341873168945312
 
1 0.028084516525268555
 
3 0.0351407527923584
 
5 0.04260754585266113
 
7 0.049291133880615234
 
10 0.05784177780151367
 
13 0.06524491310119629
 
17 0.07276344299316406
 
20 0.07974624633789062
 
25 0.0871117115020752
 
28 0.09441804885864258
 
33 0.10298323631286621
 
38 0.11008453369140625
 
44 0.11746025085449219
 
49 0.12502741813659668
 
54 0.13252973556518555
 
58 0.13928437232971191
 
64 0.1468369960784912
 
70 0.1551666259765625
 
76 0.16269850730895996
 
80 0.16936087608337402
 
86 0.17688393592834473
 
91 0.18427753448486328
 
97 0.19217133522033691
 
103 0.19890427589416504
 
110 0.20743846893310547
 
116 0.21489715576171875
 
122 0.22243094444274902
 
126 0.22931575775146484
 
133 0.23687434196472168
 
138 0.2442307472229004
 
144 0.2520761489868164
 
150 0.25988149642944336
 
156 0.2672147750854492
 
161 0.2744123935699463
 
168 0.28208494186401367
 
174 0.28868603706359863
 
178 0.2960212230682373
 
185 0.30316638946533203
 
191 0.3120393753051758
 
197 0.3186619281768799
 
202 0.32601404190063477
 
207 0.3331618309020996
 
212 0.3401761054992676
 
217 0.34777069091796875
 
223 0.35505056381225586
 
228 0.3633003234863281
 
234 0.37122368812561035
 
238 0.3781435489654541
 
243 0.3851888179779053
 
248 0.39261794090270996
 
251 0.39931368827819824
 
256 0.4079141616821289
 
260 0.41505932807922363
 
265 0.4225125312805176
 
268 0.42931103706359863
 
272 0.4369316101074219
 
276 0.4442117214202881
 
279 0.45184874534606934
 
283 0.4592397212982178
 
287 0.46671247482299805
 
290 0.47397613525390625
 
293 0.4814014434814453
 
296 0.488541841506958
 
299 0.49582576751708984
 
302 0.5029795169830322
 
305 0.5117504596710205
 
308 0.5184586048126221
 
310 0.5257799625396729
 
312 0.5329844951629639
 
314 0.5399808883666992
 
317 0.5474755764007568
 
319 0.5548431873321533
 
322 0.5630519390106201
 
323 0.5700318813323975
 
325 0.5773735046386719
 
328 0.5845043659210205
 
329 0.5921361446380615
 
331 0.5988216400146484
 
333 0.6072366237640381
 
334 0.615415096282959
 
336 0.6228070259094238
 
338 0.6294510364532471
 
339 0.63692307472229
 
340 0.6442241668701172
 
342 0.6518146991729736
 
343 0.6585168838500977
 
344 0.6668069362640381
 
346 0.6740937232971191
 
347 0.6817128658294678
 
348 0.6884160041809082
 
349 0.6954813003540039
 
350 0.7028906345367432
 
351 0.7097499370574951
 
352 0.7180924415588379
 
353 0.7252483367919922
 
354 0.7326633930206299
 
355 0.7392435073852539
 
356 0.747063159942627
 
356 0.7542448043823242
 
357 0.761789083480835
 
358 0.7692348957061768
 
359 0.77667236328125
 
360 0.7839539051055908
 
360 0.791388988494873
 
362 0.8091309070587158
 
362 0.8166050910949707
 
364 0.8328409194946289
 
364 0.8488883972167969
 
364 0.8628444671630859
 
364 0.8787367343902588
 
363 0.8951411247253418
 
363 0.9101629257202148
 
362 0.9263010025024414
 
360 0.9443836212158203
 
359 0.9587466716766357
 
358 0.9751379489898682
 
358 0.9899342060089111
 
356 1.0063211917877197
 
356 1.0243909358978271
 
357 1.0368740558624268
 
358 1.0491290092468262
 
358 1.0565783977508545
 
358 1.0637357234954834
 
359 1.0711653232574463
 
359 1.0781323909759521
 
360 1.0900452136993408
 
361 1.1027333736419678
 
362 1.1150743961334229
 
362 1.1227083206176758
 
363 1.1291859149932861
 
363 1.1368038654327393
 
363 1.1440551280975342
 
363 1.1525824069976807
 
363 1.1592130661010742
 
363 1.1666793823242188
 
362 1.1738367080688477
 
362 1.1812777519226074
 
362 1.1882119178771973
 
362 1.1962857246398926
 
361 1.2033579349517822
 
360 1.2112345695495605
 
360 1.2181811332702637
 
360 1.2251477241516113
 
359 1.2324235439300537
 
359 1.238978385925293
 
358 1.247307300567627
 
358 1.2544054985046387
 
358 1.2620422840118408
 
357 1.2688231468200684
 
357 1.27620267868042
 
357 1.283250331878662
 
358 1.2901837825775146
 
358 1.2985749244689941
 
358 1.3058412075042725
 
358 1.3129677772521973
 
359 1.3199100494384766
 
359 1.3274009227752686
 
360 1.334479570388794
 
360 1.341963529586792
 
361 1.3490979671478271
 
361 1.356360912322998
 
362 1.3633396625518799
 
362 1.3701848983764648
 
362 1.3778176307678223
 
362 1.385084629058838
 
362 1.3925342559814453
 
362 1.4011549949645996
 
362 1.4080932140350342
 
362 1.4151177406311035
 
362 1.422574758529663
 
362 1.4291949272155762
 
361 1.436643362045288
 
361 1.4439163208007812
 
360 1.4524626731872559
 
360 1.4589955806732178
 
360 1.4662363529205322
 
359 1.4732074737548828
 
358 1.4800865650177002
 
358 1.487290620803833
 
358 1.494457483291626
 
358 1.5026922225952148
 
358 1.5094850063323975
 
358 1.5169291496276855
 
358 1.5242130756378174
 
358 1.5319504737854004
 
358 1.5385704040527344
 
359 1.5457990169525146
 
359 1.5539400577545166
 
360 1.561300277709961
 
360 1.5682625770568848
 
360 1.5751681327819824
 
361 1.5824651718139648
 
362 1.5889966487884521
 
362 1.596325159072876
 
362 1.6053388118743896
 
362 1.612797737121582
 
362 1.619398593902588
 
362 1.6271936893463135
 
362 1.634408950805664
 
362 1.6423134803771973
 
361 1.6489675045013428
 
361 1.65781831741333
 
360 1.6649274826049805
 
360 1.6722257137298584
 
360 1.6787467002868652
 
359 1.6862249374389648
 
359 1.6932084560394287
 
358 1.7000274658203125
 
358 1.7084615230560303
 
358 1.7157657146453857
 
358 1.722954511642456
 
358 1.7298660278320312
 
358 1.7372486591339111
 
358 1.7444267272949219
 
358 1.7521893978118896
 
358 1.759423017501831
 
359 1.7669167518615723
 
359 1.7741975784301758
 
360 1.7817611694335938
 
360 1.7885193824768066
 
360 1.7954113483428955
 
361 1.8079595565795898
 
362 1.8150639533996582
 
362 1.8224356174468994
 
362 1.829296350479126
 
363 1.8367469310760498
 
363 1.8440511226654053
 
362 1.8518264293670654
 
362 1.8592898845672607
 
362 1.8668982982635498
 
362 1.8741745948791504
 
362 1.881786584854126
 
361 1.888467788696289
 
361 1.8957750797271729
 
360 1.902911901473999
 
360 1.9112117290496826
 
360 1.9181478023529053
 
359 1.9252583980560303
 
358 1.9325923919677734
 
358 1.9391517639160156
 
358 1.9465177059173584
 
358 1.95344877243042
 
357 1.9621257781982422
 
358 1.9688243865966797
 
358 1.9762201309204102
 
358 1.9832797050476074
 
358 1.9907310009002686
 
358 1.9979605674743652
 
359 2.0050575733184814
 
359 2.0131325721740723
 
360 2.020082950592041
 
360 2.027327537536621
 
360 2.034357786178589
 
361 2.04185152053833
 
361 2.048567056655884
 
362 2.055839776992798
 
362 2.0640180110931396
 
362 2.071420907974243
 
363 2.078343391418457
 
363 2.0854146480560303
 
362 2.092822551727295
 
362 2.09946608543396
 
362 2.107219696044922
 
362 2.115767478942871
 
362 2.122968912124634
 
361 2.129944086074829
 
361 2.1372854709625244
 
360 2.1444849967956543
 
360 2.152031898498535
 
360 2.1585257053375244
 
359 2.166653633117676
 
358 2.173783779144287
 
358 2.181323528289795
 
358 2.1882410049438477
 
358 2.1952338218688965
 
358 2.202634334564209
 
358 2.209235191345215
 
358 2.2174723148345947
 
358 2.2249128818511963
 
358 2.2323787212371826
 
359 2.239002227783203
 
359 2.2463722229003906
 
360 2.253397226333618
 
360 2.2602059841156006
 
360 2.268413782119751
 
361 2.275360345840454
 
362 2.2826616764068604
 
362 2.2893662452697754
 
362 2.296828031539917
 
362 2.3041136264801025
 
363 2.3118603229522705
 
363 2.3193228244781494
 
363 2.3267738819122314
 
362 2.3340697288513184
 
362 2.341440439224243
 
362 2.348539352416992
 
362 2.3558037281036377
 
361 2.3640341758728027
 
361 2.371443271636963
 
361 2.3783838748931885
 
360 2.385305881500244
 
360 2.3925907611846924
 
359 2.399090051651001
 
359 2.4066379070281982
 
358 2.414510726928711
 
358 2.4220821857452393
 
358 2.4287073612213135
 
358 2.436253786087036
 
357 2.443325996398926
 
358 2.450272560119629
 
358 2.4578261375427246
 
358 2.4660229682922363
 
358 2.4732413291931152
 
359 2.4801652431488037
 
359 2.4878175258636475
 
360 2.49491286277771
 
360 2.502129077911377
 
360 2.50856614112854
 
361 2.5166420936584473
 
361 2.5237202644348145
 
362 2.531327962875366
 
362 2.538174867630005
 
362 2.545224666595459
 
363 2.5526769161224365
 
363 2.55928373336792
 
362 2.5682079792022705
 
362 2.575268030166626
 
362 2.5826704502105713
 
362 2.589402198791504
 
361 2.6002469062805176
 
361 2.6086034774780273
 
360 2.615856647491455
 
360 2.623960494995117
 
360 2.631176471710205
 
359 2.637902021408081
 
359 2.6450259685516357
 
358 2.6523184776306152
 
358 2.658862829208374
 
358 2.6662497520446777
 
358 2.6742966175079346
 
358 2.681856870651245
 
358 2.6885273456573486
 
358 2.695998430252075
 
358 2.7031092643737793
 
358 2.710190534591675
 
359 2.717714786529541
 
359 2.725862979888916
 
360 2.732974052429199
 
360 2.7394678592681885
 
360 2.7468183040618896
 
361 2.7539587020874023
 
362 2.761190176010132
 
362 2.768156051635742
 
362 2.7763051986694336
 
362 2.783329963684082
 
362 2.7903122901916504
 
362 2.80680775642395
 
362 2.8159968852996826
 
362 2.8242087364196777
 
361 2.832125663757324
 
361 2.838914632797241
 
360 2.8461568355560303
 
360 2.8531062602996826
 
360 2.8599750995635986
 
359 2.8671276569366455
 
358 2.8751628398895264
 
358 2.8824760913848877
 
358 2.8892996311187744
 
358 2.896796464920044
 
358 2.904066801071167
 
358 2.911411762237549
 
358 2.9183340072631836
 
358 2.9265501499176025
 
358 2.9337198734283447
 
359 2.9412190914154053
 
359 2.948301315307617
 
360 2.9557831287384033
 
360 2.9628264904022217
 
360 2.969292640686035
 
361 2.9777982234954834
 
362 2.9847819805145264
 
362 2.9920897483825684
 
362 2.998570203781128
 
362 3.0060291290283203
 
363 3.0131232738494873
 
363 3.0200822353363037
 
363 3.028573751449585
 
362 3.0358152389526367
 
362 3.042998790740967
 
362 3.049917697906494
 
362 3.057234764099121
 
362 3.0643808841705322
 
361 3.0721514225006104
 
361 3.0793819427490234
 
360 3.08703351020813
 
360 3.0940914154052734
 
359 3.101269483566284
 
359 3.1081132888793945
 
358 3.11501145362854
 
358 3.1223952770233154
 
358 3.1302194595336914
 
358 3.1377177238464355
 
358 3.1448538303375244
 
358 3.152235269546509
 
358 3.15885591506958
 
358 3.1661908626556396
 
358 3.173293113708496
 
359 3.1819565296173096
 
359 3.188699722290039
 
360 3.195953845977783
 
360 3.2030112743377686
 
360 3.209777355194092
 
361 3.2171339988708496
 
361 3.224228858947754
 
362 3.2325422763824463
 
362 3.239095687866211
 
362 3.2466983795166016
 
362 3.253917932510376
 
362 3.261383533477783
 
362 3.2682809829711914
 
362 3.2753043174743652
 
362 3.283435821533203
 
361 3.2907087802886963
 
361 3.2980642318725586
 
360 3.3052282333374023
 
360 3.3124897480010986
 
360 3.318997383117676
 
359 3.3262557983398438
 
359 3.3341786861419678
 
358 3.341419219970703
 
358 3.348454236984253
 
358 3.3557562828063965
 
357 3.3629183769226074
 
357 3.3699848651885986
 
358 3.3773205280303955
 
358 3.3857386112213135
 
358 3.392925500869751
 
358 3.399782419204712
 
359 3.4070799350738525
 
359 3.4142556190490723
 
360 3.4218192100524902
 
360 3.4285507202148438
 
360 3.436654567718506
 
361 3.443451166152954
 
361 3.4502670764923096
 
362 3.4576971530914307
 
362 3.4648072719573975
 
362 3.472238063812256
 
362 3.4790477752685547
 
363 3.487473726272583
 
362 3.494802713394165
 
362 3.50222110748291
 
362 3.508845329284668
 
362 3.516191244125366
 
362 3.523272752761841
 
361 3.531851053237915
 
361 3.5385653972625732
 
360 3.545844316482544
 
360 3.5528628826141357
 
360 3.5593433380126953
 
359 3.566718816757202
 
358 3.573835611343384
 
358 3.5811891555786133
 
358 3.5888407230377197
 
358 3.596214532852173
 
358 3.603307008743286
 
358 3.6120944023132324
 
358 3.6186985969543457
 
358 3.626002550125122
 
358 3.634276866912842
 
359 3.6418352127075195
 
359 3.648472547531128
 
360 3.6557557582855225
 
360 3.6628406047821045
 
360 3.669786214828491
 
361 3.676882028579712
 
362 3.685042381286621
 
362 3.6924757957458496
 
362 3.6991405487060547
 
362 3.706571102142334
 
362 3.713479995727539
 
362 3.721196174621582
 
362 3.728299617767334
 
362 3.7365424633026123
 
362 3.7437310218811035
 
361 3.7512214183807373
 
361 3.758143186569214
 
360 3.765157461166382
 
360 3.772479772567749
 
360 3.7789905071258545
 
359 3.7873904705047607
 
359 3.794473886489868
 
358 3.805405378341675
 
358 3.8126749992370605
 
357 3.819441080093384
 
357 3.827334403991699
 
357 3.834728240966797
 
358 3.8429038524627686
 
358 3.849966287612915
 
358 3.8572542667388916
 
358 3.864408016204834
 
359 3.872144937515259
 
359 3.8787713050842285
 
360 3.8871889114379883
 
360 3.8944108486175537
 
360 3.9018900394439697
 
361 3.908571481704712
 
361 3.915454387664795
 
362 3.9227943420410156
 
362 3.929324150085449
 
362 3.9378466606140137
 
363 3.945006847381592
 
363 3.952502727508545
 
362 3.959118604660034
 
362 3.9667274951934814
 
362 3.973947286605835
 
362 3.9813437461853027
 
362 3.988917589187622
 
361 3.9965662956237793
 
361 4.0038087368011475
 
360 4.011268615722656
 
360 4.018071889877319
 
360 4.025123357772827
 
359 4.0324318408966064
 
359 4.040055990219116
 
358 4.047278642654419
 
358 4.054325819015503
 
358 4.061966180801392
 
357 4.06856107711792
 
357 4.075835466384888
 
358 4.082968235015869
 
358 4.091902017593384
 
358 4.098525285720825
 
358 4.105807542800903
 
359 4.112969875335693
 
359 4.1198577880859375
 
360 4.127418041229248
 
360 4.134480714797974
 
360 4.142561197280884
 
361 4.149196147918701
 
361 4.156574487686157
 
362 4.163419246673584
 
362 4.170231819152832
 
362 4.1777637004852295
 
363 4.184875011444092
 
363 4.1929686069488525
 
362 4.199984312057495
 
362 4.207467079162598
 
362 4.214772939682007
 
362 4.22219705581665
 
361 4.228784561157227
 
361 4.23613429069519
 
361 4.244253635406494
 
360 4.251708030700684
 
360 4.258454322814941
 
359 4.265777349472046
 
359 4.272847652435303
 
358 4.27936577796936
 
358 4.286834239959717
 
358 4.29512882232666
 
358 4.302553176879883
 
358 4.309193849563599
 
358 4.316653728485107
 
358 4.323943614959717
 
358 4.331482410430908
 
358 4.3384010791778564
 
359 4.346685171127319
 
359 4.3539910316467285
 
360 4.361340761184692
 
360 4.36816668510437
 
360 4.375064849853516
 
361 4.382377862930298
 
362 4.389067649841309
 
362 4.397263526916504
 
362 4.404466867446899
 
362 4.412137746810913
 
362 4.41875433921814
 
362 4.426044225692749
 
362 4.43315052986145
 
362 4.440093517303467
 
362 4.448613405227661
 
361 4.455874681472778
 
361 4.463012933731079
 
360 4.469986200332642
 
360 4.477197170257568
 
360 4.484213829040527
 
359 4.491468667984009
 
358 4.499101161956787
 
358 4.506654739379883
 
358 4.51392674446106
 
358 4.5214149951934814
 
358 4.528395891189575
 
358 4.535448312759399
 
358 4.542842388153076
 
358 4.5512964725494385
 
358 4.558231353759766
 
359 4.56538987159729
 
359 4.572761297225952
 
360 4.579252243041992
 
360 4.5866358280181885
 
360 4.5934600830078125
 
361 4.60204291343689
 
362 4.6092846393585205
 
362 4.616671085357666
 
362 4.623798131942749
 
363 4.6314404010772705
 
363 4.6384031772613525
 
363 4.645993232727051
 
363 4.654081106185913
 
363 4.6614227294921875
 
362 4.668368816375732
 
362 4.675413131713867
 
362 4.682760238647461
 
362 4.689778566360474
 
361 4.697049856185913
 
361 4.705268859863281
 
360 4.712612867355347
 
360 4.719118118286133
 
360 4.726343154907227
 
359 4.733306169509888
 
358 4.740141153335571
 
358 4.74780797958374
 
358 4.755997657775879
 
358 4.763136386871338
 
358 4.77012300491333
 
358 4.777828216552734
 
358 4.784900426864624
 
358 4.792294502258301
 
359 4.803750991821289
 
359 4.811404705047607
 
360 4.8185014724731445
 
360 4.825894832611084
 
360 4.832895755767822
 
361 4.839380264282227
 
361 4.8467888832092285
 
362 4.854875564575195
 
362 4.862139463424683
 
362 4.8689796924591064
 
362 4.876475811004639
 
363 4.883763790130615
 
362 4.891212463378906
 
362 4.898133754730225
 
362 4.906521558761597
 
362 4.913719415664673
 
362 4.921151161193848
 
361 4.928262233734131
 
361 4.93526291847229
 
360 4.942641973495483
 
360 4.949119329452515
 
360 4.957479238510132
 
359 4.964486598968506
 
359 4.972042560577393
 
358 4.97854471206665
 
358 4.985925912857056
 
358 4.9930336475372314
 
358 4.999983072280884
 
