0 0.014719486236572266
 
0 0.021475791931152344
 
0 0.02831888198852539
 
0 0.03487277030944824
 
3 0.04148387908935547
 
9 0.048451900482177734
 
21 0.055330753326416016
 
85 0.06345343589782715
 
59 0.07001948356628418
 
70 0.07683658599853516
 
82 0.08396005630493164
 
93 0.09026932716369629
 
95 0.09729504585266113
 
90 0.1041724681854248
 
98 0.11048412322998047
 
100 0.1184074878692627
 
102 0.1252150535583496
 
105 0.13256597518920898
 
109 0.13886666297912598
 
109 0.14575958251953125
 
115 0.1528322696685791
 
115 0.15950441360473633
 
119 0.16719365119934082
 
118 0.1741039752960205
 
121 0.18045639991760254
 
121 0.18771958351135254
 
122 0.19454360008239746
 
123 0.20117926597595215
 
124 0.20812487602233887
 
124 0.21582794189453125
 
125 0.22315287590026855
 
126 0.22955775260925293
 
126 0.2363128662109375
 
125 0.2434401512145996
 
126 0.25002193450927734
 
126 0.2571749687194824
 
125 0.2651360034942627
 
124 0.2715423107147217
 
125 0.2786591053009033
 
125 0.28553104400634766
 
125 0.29253411293029785
 
127 0.29881739616394043
 
126 0.3057270050048828
 
125 0.3132057189941406
 
125 0.32034730911254883
 
125 0.32735466957092285
 
125 0.3342325687408447
 
126 0.34059786796569824
 
127 0.3476696014404297
 
127 0.35443568229675293
 
128 0.36080026626586914
 
128 0.3692500591278076
 
127 0.37584590911865234
 
127 0.3831593990325928
 
127 0.3898136615753174
 
127 0.39674925804138184
 
128 0.4038817882537842
 
128 0.41022205352783203
 
129 0.4181942939758301
 
128 0.42516326904296875
 
128 0.43215060234069824
 
127 0.4388275146484375
 
128 0.4457089900970459
 
127 0.4528381824493408
 
128 0.45945000648498535
 
128 0.466123104095459
 
128 0.4740900993347168
 
128 0.48044848442077637
 
127 0.4877049922943115
 
127 0.4944770336151123
 
128 0.5008230209350586
 
127 0.5080759525299072
 
128 0.5147531032562256
 
128 0.5234329700469971
 
128 0.5297811031341553
 
127 0.5366146564483643
 
126 0.5437800884246826
 
125 0.5502948760986328
 
125 0.5573177337646484
 
124 0.564211368560791
 
123 0.5715649127960205
 
123 0.578622579574585
 
124 0.5854861736297607
 
125 0.5925674438476562
 
125 0.5991604328155518
 
124 0.605816125869751
 
125 0.6133346557617188
 
124 0.6204226016998291
 
125 0.6275355815887451
 
125 0.6343157291412354
 
126 0.6406641006469727
 
126 0.6480405330657959
 
126 0.6547811031341553
 
126 0.661463737487793
 
126 0.6686770915985107
 
125 0.6765518188476562
 
127 0.6837296485900879
 
127 0.6901051998138428
 
127 0.6968481540679932
 
127 0.7039675712585449
 
128 0.7103414535522461
 
129 0.7173540592193604
 
128 0.7251944541931152
 
128 0.7321209907531738
 
128 0.7388467788696289
 
128 0.7457129955291748
 
128 0.7527873516082764
 
129 0.7594830989837646
 
129 0.7661983966827393
 
129 0.7739784717559814
 
127 0.7805156707763672
 
127 0.7886786460876465
 
125 0.7955837249755859
 
125 0.8026442527770996
 
126 0.8091659545898438
 
125 0.8158209323883057
 
126 0.823871374130249
 
128 0.8302266597747803
 
126 0.8372538089752197
 
128 0.8441815376281738
 
128 0.8506662845611572
 
129 0.8578541278839111
 
129 0.8645443916320801
 
130 0.8712623119354248
 
130 0.8793566226959229
 
130 0.8861572742462158
 
130 0.8932619094848633
 
129 0.8996899127960205
 
128 0.9066300392150879
 
128 0.9138054847717285
 
127 0.9201579093933105
 
128 0.9281120300292969
 
128 0.934760332107544
 
128 0.9414398670196533
 
129 0.9484133720397949
 
129 0.9552204608917236
 
129 0.9617373943328857
 
128 0.9692089557647705
 
128 0.9767975807189941
 
128 0.9880349636077881
 
128 0.9947025775909424
 
129 1.0015218257904053
 
128 1.008831262588501
 
128 1.0156970024108887
 
127 1.0227982997894287
 
127 1.0302670001983643
 
127 1.0374269485473633
 
127 1.0442664623260498
 
128 1.0506291389465332
 
128 1.057753324508667
 
129 1.0644919872283936
 
127 1.0708482265472412
 
129 1.0793161392211914
 
129 1.085893154144287
 
129 1.0934064388275146
 
130 1.099776029586792
 
131 1.1065185070037842
 
130 1.113663911819458
 
131 1.1199965476989746
 
131 1.1279397010803223
 
130 1.134624719619751
 
128 1.1413166522979736
 
128 1.1484394073486328
 
126 1.155317783355713
 
127 1.161637544631958
 
127 1.1691255569458008
 
127 1.1757898330688477
 
127 1.1838994026184082
 
127 1.190270185470581
 
127 1.1973445415496826
 
127 1.2041869163513184
 
126 1.2106683254241943
 
128 1.2178471088409424
 
128 1.2245910167694092
 
127 1.2330772876739502
 
127 1.2395038604736328
 
127 1.2461979389190674
 
126 1.2533771991729736
 
126 1.2597630023956299
 
126 1.266655683517456
 
126 1.273848056793213
 
127 1.2811460494995117
 
127 1.2881011962890625
 
128 1.2947654724121094
 
128 1.3015496730804443
 
128 1.3086535930633545
 
129 1.3155443668365479
 
128 1.3225767612457275
 
128 1.3293304443359375
 
129 1.3371670246124268
 
129 1.3441352844238281
 
129 1.350489616394043
 
130 1.3575892448425293
 
128 1.3644139766693115
 
128 1.370767593383789
 
127 1.3779222965240479
 
128 1.3857231140136719
 
127 1.3932623863220215
 
129 1.3996710777282715
 
127 1.4064269065856934
 
127 1.4135348796844482
 
127 1.4198603630065918
 
125 1.4268701076507568
 
130 1.4346494674682617
 
128 1.4413104057312012
 
129 1.448512315750122
 
128 1.455444097518921
 
130 1.4621176719665527
 
126 1.468820571899414
 
129 1.4756979942321777
 
128 1.4837279319763184
 
128 1.490124225616455
 
126 1.4968724250793457
 
127 1.504002571105957
 
126 1.5105295181274414
 
127 1.517665147781372
 
128 1.5244426727294922
 
129 1.5308005809783936
 
129 1.5388514995574951
 
129 1.5457842350006104
 
129 1.553147554397583
 
129 1.5597350597381592
 
129 1.5666413307189941
 
130 1.573904275894165
 
129 1.5802607536315918
 
129 1.5882456302642822
 
128 1.5951566696166992
 
127 1.601572036743164
 
128 1.6086084842681885
 
127 1.6154558658599854
 
127 1.6221537590026855
 
130 1.6292686462402344
 
130 1.6371676921844482
 
129 1.6441171169281006
 
129 1.6504952907562256
 
129 1.6575863361358643
 
128 1.6643154621124268
 
129 1.6706149578094482
 
129 1.677682876586914
 
129 1.6844699382781982
 
129 1.6926984786987305
 
130 1.699279546737671
 
129 1.705880880355835
 
129 1.7132465839385986
 
127 1.7196476459503174
 
128 1.7264173030853271
 
127 1.7335407733917236
 
126 1.7406978607177734
 
127 1.7480874061584473
 
128 1.7547566890716553
 
128 1.7614226341247559
 
128 1.768428087234497
 
127 1.7753441333770752
 
128 1.7816572189331055
 
126 1.790498971939087
 
128 1.7976016998291016
 
128 1.8044233322143555
 
127 1.8112187385559082
 
127 1.8183157444000244
 
129 1.8251762390136719
 
129 1.8315777778625488
 
129 1.8396928310394287
 
130 1.8464627265930176
 
130 1.8536443710327148
 
130 1.8599979877471924
 
130 1.8671605587005615
 
129 1.8740932941436768
 
128 1.880434513092041
 
128 1.8874213695526123
 
126 1.8953883647918701
 
126 1.9021224975585938
 
126 1.9088194370269775
 
125 1.9157216548919678
 
127 1.9227967262268066
 
127 1.9295966625213623
 
127 1.9363574981689453
 
126 1.9442150592803955
 
124 1.950718641281128
 
123 1.9579224586486816
 
123 1.9645934104919434
 
121 1.9712810516357422
 
122 1.9816069602966309
 
123 1.9891014099121094
 
125 1.9971652030944824
 
125 2.004134178161621
 
125 2.0107059478759766
 
126 2.0179014205932617
 
125 2.0246081352233887
 
125 2.031306505203247
 
127 2.0382564067840576
 
127 2.046334981918335
 
128 2.0534372329711914
 
128 2.0598106384277344
 
127 2.0665571689605713
 
128 2.073676347732544
 
127 2.080185890197754
 
127 2.0871903896331787
 
126 2.094754219055176
 
127 2.101442813873291
 
127 2.108640432357788
 
127 2.115569591522217
 
126 2.1226062774658203
 
126 2.1291003227233887
 
125 2.135767698287964
 
126 2.1438043117523193
 
125 2.150189161300659
 
125 2.1571407318115234
 
125 2.1641533374786377
 
124 2.170614242553711
 
125 2.177711248397827
 
125 2.1844773292541504
 
124 2.190849781036377
 
123 2.199108600616455
 
122 2.2058281898498535
 
121 2.213320016860962
 
122 2.219693183898926
 
122 2.2265889644622803
 
123 2.2337985038757324
 
124 2.240145683288574
 
125 2.2481374740600586
 
125 2.2548305988311768
 
125 2.261507511138916
 
126 2.268505096435547
 
126 2.2754647731781006
 
126 2.2821226119995117
 
125 2.2892065048217773
 
127 2.296828031539917
 
127 2.303950071334839
 
127 2.3102798461914062
 
126 2.3206472396850586
 
126 2.3277289867401123
 
125 2.3344690799713135
 
126 2.3412861824035645
 
125 2.3494839668273926
 
126 2.3562207221984863
 
125 2.363337278366089
 
126 2.369683265686035
 
125 2.3764493465423584
 
126 2.3836400508880615
 
125 2.389981508255005
 
125 2.397892475128174
 
125 2.404602527618408
 
125 2.411454439163208
 
125 2.418426752090454
 
125 2.4253029823303223
 
124 2.4316298961639404
 
124 2.4387693405151367
 
123 2.445596694946289
 
122 2.453707456588745
 
123 2.4600446224212646
 
123 2.4672200679779053
 
124 2.474104642868042
 
123 2.4803977012634277
 
124 2.487405300140381
 
123 2.494262218475342
 
123 2.5016438961029053
 
123 2.5086843967437744
 
124 2.5155391693115234
 
124 2.5226104259490967
 
124 2.5293047428131104
 
124 2.5358917713165283
 
124 2.543159008026123
 
124 2.550313711166382
 
124 2.5573089122772217
 
124 2.564138650894165
 
124 2.5704829692840576
 
126 2.57757830619812
 
125 2.5843191146850586
 
125 2.5908217430114746
 
126 2.598264455795288
 
126 2.60610294342041
 
125 2.6132473945617676
 
124 2.6196630001068115
 
125 2.6264283657073975
 
124 2.633535623550415
 
125 2.6398425102233887
 
124 2.6467978954315186
 
123 2.654728412628174
 
122 2.6613869667053223
 
120 2.668287992477417
 
119 2.6751668453216553
 
119 2.6815316677093506
 
117 2.6885855197906494
 
115 2.6955130100250244
 
117 2.703599214553833
 
115 2.710092782974243
 
115 2.716830015182495
 
115 2.7239787578582764
 
116 2.7305328845977783
 
116 2.7375621795654297
 
116 2.7442915439605713
 
116 2.7506625652313232
 
116 2.758582353591919
 
117 2.7654263973236084
 
117 2.77260160446167
 
117 2.779141902923584
 
117 2.786675214767456
 
118 2.793835401535034
 
118 2.8001909255981445
 
118 2.8081226348876953
 
119 2.8148157596588135
 
118 2.8214871883392334
 
119 2.8287312984466553
 
119 2.835615634918213
 
120 2.8426551818847656
 
120 2.849188804626465
 
120 2.857178211212158
 
119 2.8640317916870117
 
119 2.870413303375244
 
119 2.8773796558380127
 
118 2.8842387199401855
 
119 2.8907368183135986
 
119 2.8979341983795166
 
120 2.90573787689209
 
118 2.9175751209259033
 
117 2.9279255867004395
 
117 2.934579372406006
 
115 2.941260814666748
 
116 2.9483261108398438
 
116 2.9563000202178955
 
117 2.9634110927581787
 
118 2.9697813987731934
 
118 2.9765403270721436
 
121 2.9916319847106934
 
121 2.998857021331787
 
123 3.009695529937744
 
125 3.026393175125122
 
126 3.0404675006866455
 
126 3.055860757827759
 
126 3.068580150604248
 
127 3.0863990783691406
 
127 3.1004598140716553
 
126 3.116291046142578
 
127 3.129948854446411
 
126 3.1458451747894287
 
128 3.1601250171661377
 
127 3.176243305206299
 
125 3.1899092197418213
 
127 3.2058184146881104
 
129 3.22011661529541
 
129 3.2338976860046387
 
128 3.2404754161834717
 
127 3.247748851776123
 
129 3.254448652267456
 
128 3.261387825012207
 
129 3.268289566040039
 
129 3.2751641273498535
 
127 3.292144775390625
 
126 3.3045296669006348
 
126 3.3121228218078613
 
127 3.319324493408203
 
127 3.3261208534240723
 
127 3.3339414596557617
 
128 3.340409278869629
 
127 3.3473989963531494
 
128 3.354222297668457
 
127 3.360574245452881
 
128 3.3679237365722656
 
128 3.3746325969696045
 
127 3.3814995288848877
 
129 3.3896872997283936
 
128 3.3964269161224365
 
127 3.4035797119140625
 
126 3.409876585006714
 
126 3.416624069213867
 
124 3.425387144088745
 
126 3.4326226711273193
 
126 3.440059185028076
 
126 3.446777105331421
 
127 3.453907012939453
 
126 3.4602484703063965
 
126 3.4672446250915527
 
126 3.474119186401367
 
125 3.480477809906006
 
126 3.4886326789855957
 
126 3.495547294616699
 
126 3.502866506576538
 
127 3.5096607208251953
 
127 3.516442060470581
 
126 3.523601531982422
 
127 3.529933452606201
 
127 3.53775691986084
 
128 3.544482707977295
 
128 3.5513100624084473
 
128 3.558206796646118
 
129 3.5651369094848633
 
129 3.5715086460113525
 
129 3.578522205352783
 
129 3.5854246616363525
 
129 3.593548536300659
 
129 3.5998787879943848
 
130 3.6068060398101807
 
130 3.61395525932312
 
129 3.6203677654266357
 
130 3.6273858547210693
 
128 3.6342833042144775
 
128 3.6425740718841553
 
127 3.6488659381866455
 
126 3.655740976333618
 
126 3.6628262996673584
 
126 3.669623851776123
 
126 3.676409959793091
 
126 3.683526039123535
 
126 3.6906583309173584
 
126 3.6979029178619385
 
127 3.704576015472412
 
127 3.711251735687256
 
128 3.7181577682495117
 
128 3.7248642444610596
 
129 3.731708288192749
 
129 3.738776206970215
 
130 3.7465689182281494
 
129 3.7537477016448975
 
130 3.7601070404052734
 
130 3.7672736644744873
 
129 3.7741894721984863
 
130 3.78054141998291
 
129 3.801398515701294
 
127 3.816765785217285
 
125 3.8334217071533203
 
127 3.859741687774658
 
126 3.8797943592071533
 
126 3.9115447998046875
 
128 3.938246250152588
 
131 3.965590715408325
 
131 3.9846606254577637
 
129 3.9914791584014893
 
129 3.999852418899536
 
128 4.007150888442993
 
128 4.0140380859375
 
127 4.020377159118652
 
128 4.027643203735352
 
127 4.034445524215698
 
128 4.040773630142212
 
126 4.04909610748291
 
127 4.055723428726196
 
126 4.062822103500366
 
128 4.069467067718506
 
127 4.076164960861206
 
128 4.0833094120025635
 
126 4.089855432510376
 
128 4.097714185714722
 
123 4.10445237159729
 
127 4.110797643661499
 
123 4.118023633956909
 
124 4.124679803848267
 
126 4.13135552406311
 
128 4.138233661651611
 
125 4.145134449005127
 
129 4.15339469909668
 
128 4.159919738769531
 
127 4.166751861572266
 
127 4.173846006393433
 
128 4.180203199386597
 
128 4.187164306640625
 
128 4.194054841995239
 
128 4.201437950134277
 
129 4.208650350570679
 
128 4.215533018112183
 
128 4.222552061080933
 
128 4.228832960128784
 
127 4.235762357711792
 
127 4.242830753326416
 
127 4.250264406204224
 
127 4.257266044616699
 
127 4.264153480529785
 
128 4.270640134811401
 
128 4.277707815170288
 
127 4.2844557762146
 
127 4.291230201721191
 
127 4.299280881881714
 
128 4.307960033416748
 
128 4.3146162033081055
 
128 4.321334362030029
 
129 4.328487396240234
 
128 4.335413217544556
 
127 4.34171986579895
 
127 4.349801301956177
 
127 4.356529474258423
 
126 4.363622426986694
 
127 4.369966268539429
 
127 4.376733779907227
 
128 4.383893013000488
 
129 4.390450954437256
 
129 4.3975629806518555
 
129 4.405302047729492
 
129 4.411646127700806
 
128 4.418852806091309
 
129 4.425761699676514
 
128 4.432858228683472
 
129 4.439537048339844
 
128 4.446394205093384
 
128 4.454286336898804
 
127 4.46065092086792
 
129 4.467736005783081
 
128 4.474472522735596
 
130 4.4808032512664795
 
131 4.487969636917114
 
130 4.49467921257019
 
130 4.50313925743103
 
129 4.509694814682007
 
130 4.516420364379883
 
128 4.5235888957977295
 
127 4.52993106842041
 
127 4.536733627319336
 
127 4.5439136028289795
 
127 4.550457000732422
 
129 4.558248519897461
 
129 4.565119504928589
 
127 4.571705102920532
 
128 4.57876181602478
 
127 4.585630893707275
 
126 4.592675685882568
 
126 4.5991551876068115
 
127 4.606694936752319
 
128 4.61383318901062
 
127 4.62018895149231
 
127 4.627343416213989
 
128 4.634198427200317
 
127 4.640524387359619
 
127 4.647577285766602
 
128 4.655371189117432
 
129 4.661649703979492
 
129 4.668774366378784
 
130 4.675634384155273
 
130 4.683086156845093
 
129 4.6896812915802
 
130 4.696425676345825
 
130 4.70358681678772
 
129 4.710712432861328
 
129 4.717920780181885
 
128 4.724599123001099
 
129 4.731276035308838
 
127 4.7381932735443115
 
127 4.744852066040039
 
127 4.751664161682129
 
127 4.75985312461853
 
127 4.766586780548096
 
128 4.77371883392334
 
128 4.78012228012085
 
127 4.788008689880371
 
127 4.7946717739105225
 
126 4.8013012409210205
 
124 4.809506416320801
 
124 4.816227674484253
 
124 4.823330879211426
 
123 4.829716444015503
 
125 4.836437225341797
 
125 4.843619346618652
 
125 4.8499228954315186
 
124 4.857925176620483
 
125 4.864610433578491
 
125 4.87147855758667
 
125 4.878465890884399
 
126 4.885401487350464
 
126 4.891693353652954
 
127 4.898790121078491
 
127 4.905669689178467
 
127 4.913794994354248
 
126 4.9201672077178955
 
126 4.927396535873413
 
127 4.934230804443359
 
126 4.940707206726074
 
126 4.947901248931885
 
126 4.954591989517212
 
127 4.962857961654663
 
126 4.96949315071106
 
126 4.983961343765259
 
125 4.990558385848999
 
124 4.997840404510498
 
124 5.0045435428619385
 
