0 0.01438450813293457
 
0 0.02111196517944336
 
0 0.02808237075805664
 
7 0.03564882278442383
 
55 0.04260754585266113
 
87 0.04983401298522949
 
183 0.05628657341003418
 
195 0.06420063972473145
 
228 0.07111525535583496
 
262 0.07793974876403809
 
307 0.08566451072692871
 
368 0.09235978126525879
 
375 0.09974241256713867
 
362 0.10617351531982422
 
342 0.11385917663574219
 
335 0.12078309059143066
 
339 0.1271657943725586
 
354 0.13441991806030273
 
374 0.14118504524230957
 
395 0.1481006145477295
 
432 0.15528392791748047
 
485 0.1636195182800293
 
499 0.17058062553405762
 
500 0.17695236206054688
 
480 0.184098482131958
 
423 0.19781851768493652
 
381 0.20523548126220703
 
359 0.21331787109375
 
345 0.2205030918121338
 
341 0.2269289493560791
 
345 0.23410558700561523
 
360 0.24092602729797363
 
387 0.24765777587890625
 
416 0.2547445297241211
 
465 0.2630119323730469
 
502 0.27033019065856934
 
520 0.2767612934112549
 
518 0.2838602066040039
 
483 0.2907567024230957
 
455 0.29732203483581543
 
421 0.3046088218688965
 
386 0.31270289421081543
 
371 0.31987500190734863
 
356 0.32640862464904785
 
353 0.33323144912719727
 
358 0.3404572010040283
 
369 0.34684181213378906
 
397 0.3540220260620117
 
422 0.36090826988220215
 
470 0.3691110610961914
 
493 0.3757750988006592
 
533 0.38287901878356934
 
554 0.3900599479675293
 
543 0.3964419364929199
 
524 0.403247594833374
 
473 0.41042423248291016
 
440 0.4180324077606201
 
397 0.42559289932250977
 
379 0.4322943687438965
 
357 0.4397091865539551
 
341 0.44635820388793945
 
334 0.45320796966552734
 
342 0.4604518413543701
 
358 0.46791625022888184
 
391 0.4751718044281006
 
422 0.4821751117706299
 
471 0.4896242618560791
 
493 0.49620556831359863
 
519 0.503227710723877
 
517 0.5104348659515381
 
483 0.5179316997528076
 
449 0.5249910354614258
 
428 0.5319690704345703
 
385 0.5390872955322266
 
366 0.5456802845001221
 
351 0.5523674488067627
 
351 0.5599207878112793
 
359 0.5676259994506836
 
371 0.574662446975708
 
396 0.5816519260406494
 
416 0.5885591506958008
 
463 0.59560227394104
 
496 0.6026027202606201
 
519 0.60984206199646
 
518 0.61692214012146
 
486 0.6243419647216797
 
451 0.6311013698577881
 
425 0.637803316116333
 
387 0.6447522640228271
 
372 0.6518170833587646
 
359 0.6585848331451416
 
350 0.6655590534210205
 
353 0.6732861995697021
 
372 0.6805086135864258
 
392 0.6872267723083496
 
422 0.694528341293335
 
452 0.7013096809387207
 
497 0.7081043720245361
 
515 0.7152233123779297
 
511 0.723111629486084
 
470 0.7303318977355957
 
441 0.7367441654205322
 
412 0.7440674304962158
 
377 0.7509443759918213
 
364 0.7576448917388916
 
351 0.7646079063415527
 
351 0.7723429203033447
 
358 0.7798020839691162
 
373 0.786264181137085
 
394 0.7931489944458008
 
427 0.8004462718963623
 
462 0.8070724010467529
 
502 0.8145689964294434
 
524 0.8227009773254395
 
519 0.8299393653869629
 
480 0.8363208770751953
 
456 0.8431048393249512
 
413 0.8502788543701172
 
383 0.8567042350769043
 
364 0.8640797138214111
 
354 0.8719761371612549
 
349 0.879072904586792
 
353 0.8856298923492432
 
370 0.8923578262329102
 
391 0.8997993469238281
 
422 0.9063143730163574
 
451 0.9132249355316162
 
496 0.9215779304504395
 
509 0.9286036491394043
 
507 0.9353177547454834
 
480 0.9422533512115479
 
444 0.9498627185821533
 
417 0.9562757015228271
 
378 0.9630584716796875
 
359 0.9702692031860352
 
353 0.9778017997741699
 
354 0.9850754737854004
 
364 0.9920179843902588
 
388 1.0001704692840576
 
412 1.0066783428192139
 
437 1.0138227939605713
 
480 1.0208017826080322
 
503 1.028576135635376
 
549 1.0359201431274414
 
573 1.0428569316864014
 
565 1.0500178337097168
 
528 1.0564041137695312
 
488 1.063255786895752
 
443 1.0704574584960938
 
412 1.078047513961792
 
375 1.0851657390594482
 
358 1.0921599864959717
 
339 1.099273681640625
 
334 1.106154441833496
 
340 1.1129975318908691
 
357 1.1202034950256348
 
382 1.127760410308838
 
411 1.134876012802124
 
443 1.1419084072113037
 
495 1.1491971015930176
 
513 1.1558136940002441
 
515 1.1627917289733887
 
487 1.169938087463379
 
446 1.1771152019500732
 
422 1.187913179397583
 
371 1.1951558589935303
 
360 1.2020900249481201
 
354 1.2097842693328857
 
353 1.2164831161499023
 
364 1.2236602306365967
 
381 1.2313287258148193
 
395 1.238083839416504
 
433 1.2452569007873535
 
461 1.2522869110107422
 
502 1.2599196434020996
 
533 1.272979974746704
 
488 1.280829668045044
 
461 1.2877659797668457
 
422 1.294743299484253
 
382 1.3016855716705322
 
363 1.3089914321899414
 
350 1.315556287765503
 
341 1.3223114013671875
 
349 1.3305139541625977
 
358 1.3370871543884277
 
390 1.3445014953613281
 
403 1.3513209819793701
 
440 1.3580701351165771
 
483 1.3652820587158203
 
496 1.3722357749938965
 
497 1.3803939819335938
 
474 1.3867950439453125
 
447 1.393843173980713
 
411 1.4007446765899658
 
381 1.407304286956787
 
362 1.4146552085876465
 
353 1.421647310256958
 
351 1.4298515319824219
 
360 1.436265230178833
 
388 1.4430365562438965
 
410 1.4503669738769531
 
441 1.4568562507629395
 
468 1.4643938541412354
 
499 1.4712011814117432
 
527 1.4779069423675537
 
524 1.486147403717041
 
490 1.4929735660552979
 
457 1.5001611709594727
 
420 1.5065667629241943
 
390 1.5136001110076904
 
360 1.520604133605957
 
347 1.527129888534546
 
340 1.5351078510284424
 
342 1.5420231819152832
 
361 1.549147129058838
 
383 1.5559484958648682
 
412 1.5627474784851074
 
447 1.5699882507324219
 
492 1.5765964984893799
 
511 1.584775686264038
 
508 1.5917952060699463
 
478 1.5990877151489258
 
452 1.605682611465454
 
416 1.6123697757720947
 
387 1.6197996139526367
 
373 1.6262598037719727
 
359 1.634328842163086
 
355 1.6411683559417725
 
360 1.6480770111083984
 
375 1.655181646347046
 
395 1.6621508598327637
 
431 1.6696126461029053
 
468 1.6761679649353027
 
499 1.6841564178466797
 
541 1.6911706924438477
 
555 1.6979005336761475
 
548 1.7052035331726074
 
524 1.712224006652832
 
471 1.7195863723754883
 
444 1.7262744903564453
 
409 1.734222412109375
 
369 1.7410566806793213
 
353 1.7478363513946533
 
339 1.7547831535339355
 
339 1.7618186473846436
 
347 1.7690613269805908
 
368 1.7756423950195312
 
399 1.7826120853424072
 
431 1.7906765937805176
 
471 1.7971291542053223
 
504 1.8045084476470947
 
524 1.8112754821777344
 
524 1.8179988861083984
 
490 1.8280811309814453
 
445 1.8362998962402344
 
420 1.843101978302002
 
374 1.850280523300171
 
359 1.8568685054779053
 
348 1.8640117645263672
 
343 1.8708021640777588
 
346 1.8772783279418945
 
386 1.8899660110473633
 
410 1.8964228630065918
 
447 1.9032883644104004
 
486 1.9105830192565918
 
507 1.9170377254486084
 
542 1.9243693351745605
 
563 1.9311861991882324
 
551 1.9395534992218018
 
527 1.9462571144104004
 
471 1.9530675411224365
 
430 1.9602742195129395
 
394 1.9666931629180908
 
372 1.9738233089447021
 
349 1.980729579925537
 
338 1.9890954494476318
 
338 1.996490478515625
 
347 2.003716230392456
 
365 2.0106444358825684
 
390 2.017122983932495
 
424 2.0244102478027344
 
455 2.0312297344207764
 
493 2.0398383140563965
 
516 2.046292543411255
 
514 2.0530927181243896
 
485 2.0603227615356445
 
450 2.0669353008270264
 
421 2.074094533920288
 
380 2.080928087234497
 
364 2.0890796184539795
 
349 2.095616102218628
 
346 2.1023027896881104
 
355 2.1096558570861816
 
377 2.1163036823272705
 
398 2.1235694885253906
 
427 2.1306231021881104
 
454 2.1370482444763184
 
491 2.1452479362487793
 
516 2.152158260345459
 
517 2.1592659950256348
 
492 2.1659650802612305
 
455 2.172753095626831
 
433 2.17995023727417
 
361 2.197211742401123
 
339 2.204599618911743
 
329 2.2112929821014404
 
329 2.2190489768981934
 
337 2.225950002670288
 
362 2.23268723487854
 
387 2.23995304107666
 
417 2.2476298809051514
 
465 2.254694700241089
 
496 2.2617852687835693
 
514 2.268202304840088
 
518 2.275637149810791
 
484 2.282336711883545
 
456 2.289736270904541
 
420 2.2968997955322266
 
387 2.3041903972625732
 
362 2.3110570907592773
 
351 2.317812442779541
 
347 2.324749231338501
 
351 2.3316895961761475
 
364 2.3381407260894775
 
394 2.34635591506958
 
419 2.353276252746582
 
463 2.3605165481567383
 
496 2.3672146797180176
 
510 2.374652862548828
 
508 2.381617546081543
 
465 2.3920464515686035
 
430 2.400301933288574
 
389 2.4067044258117676
 
369 2.413715362548828
 
350 2.420679807662964
 
341 2.427274703979492
 
344 2.4345662593841553
 
356 2.441288471221924
 
381 2.4498367309570312
 
410 2.456390380859375
 
438 2.4632794857025146
 
497 2.4705758094787598
 
497 2.476966142654419
 
501 2.484388828277588
 
473 2.491119623184204
 
434 2.4995598793029785
 
410 2.5062613487243652
 
380 2.5130810737609863
 
359 2.520265579223633
 
353 2.5266828536987305
 
352 2.533719301223755
 
359 2.5406429767608643
 
379 2.548151969909668
 
399 2.5553083419799805
 
434 2.5623629093170166
 
483 2.5698657035827637
 
519 2.5763967037200928
 
534 2.583205461502075
 
526 2.590390682220459
 
493 2.5978124141693115
 
454 2.6050682067871094
 
427 2.611964702606201
 
387 2.619053840637207
 
372 2.6255908012390137
 
353 2.6323282718658447
 
348 2.6398839950561523
 
351 2.646310806274414
 
358 2.6542067527770996
 
386 2.6610472202301025
 
399 2.6680281162261963
 
446 2.6752121448516846
 
489 2.6822376251220703
 
522 2.6897270679473877
 
544 2.6961898803710938
 
537 2.70388126373291
 
497 2.7107441425323486
 
461 2.7171754837036133
 
433 2.7246694564819336
 
393 2.7316653728485107
 
377 2.7381136417388916
 
357 2.7452666759490967
 
348 2.7530980110168457
 
349 2.7603061199188232
 
359 2.766899347305298
 
375 2.7740392684936523
 
400 2.780935764312744
 
427 2.787869930267334
 
475 2.7949492931365967
 
515 2.80289363861084
 
534 2.8101561069488525
 
523 2.8165414333343506
 
489 2.82356858253479
 
451 2.8305881023406982
 
430 2.8369712829589844
 
399 2.8443520069122314
 
372 2.8522214889526367
 
355 2.8596091270446777
 
350 2.8662405014038086
 
353 2.873068332672119
 
366 2.8802826404571533
 
389 2.8867077827453613
 
408 2.894125461578369
 
454 2.9021763801574707
 
488 2.9098641872406006
 
532 2.9163920879364014
 
548 2.9232258796691895
 
534 2.9304261207580566
 
513 2.9368040561676025
 
471 2.9438295364379883
 
434 2.9507925510406494
 
413 2.9590747356414795
 
373 2.9658260345458984
 
355 2.97261643409729
 
346 2.9798319339752197
 
344 2.9862594604492188
 
352 2.9940896034240723
 
374 3.0009188652038574
 
400 3.00925350189209
 
427 3.0160038471221924
 
484 3.023078203201294
 
517 3.0304110050201416
 
533 3.0368309020996094
 
528 3.043874502182007
 
488 3.0507850646972656
 
450 3.0589959621429443
 
428 3.065608263015747
 
388 3.07230544090271
 
368 3.0796661376953125
 
354 3.0862972736358643
 
346 3.093090057373047
 
350 3.100278377532959
 
359 3.1077239513397217
 
386 3.11470365524292
 
408 3.1217939853668213
 
435 3.128614902496338
 
481 3.135620355606079
 
521 3.142716407775879
 
538 3.1499412059783936
 
531 3.157278299331665
 
486 3.164586067199707
 
463 3.1715712547302246
 
432 3.178040027618408
 
377 3.189269542694092
 
360 3.1961276531219482
 
345 3.203200101852417
 
339 3.2111358642578125
 
338 3.218061923980713
 
353 3.2251737117767334
 
373 3.2321250438690186
 
403 3.2395639419555664
 
432 3.246117353439331
 
489 3.253012180328369
 
503 3.2610135078430176
 
497 3.2679226398468018
 
465 3.2749862670898438
 
435 3.2819771766662598
 
397 3.2892799377441406
 
380 3.2960000038146973
 
359 3.3027846813201904
 
352 3.3107056617736816
 
353 3.3171136379241943
 
367 3.3245623111724854
 
382 3.331299066543579
 
397 3.3380749225616455
 
436 3.345269203186035
 
483 3.3523147106170654
 
522 3.3604636192321777
 
538 3.3668911457061768
 
531 3.3740603923797607
 
497 3.380927085876465
 
456 3.387799024581909
 
424 3.3947646617889404
 
393 3.401813507080078
 
375 3.4098751544952393
 
349 3.4165663719177246
 
346 3.4235880374908447
 
348 3.4305531978607178
 
359 3.4369802474975586
 
377 3.444352626800537
 
405 3.451242685317993
 
436 3.4580318927764893
 
497 3.466327428817749
 
508 3.473116397857666
 
509 3.480292320251465
 
479 3.4866943359375
 
450 3.4937260150909424
 
418 3.5006890296936035
 
388 3.5072531700134277
 
364 3.5156712532043457
 
354 3.52262020111084
 
355 3.529834032058716
 
358 3.5362865924835205
 
379 3.5432119369506836
 
401 3.5505363941192627
 
427 3.557002305984497
 
471 3.565553903579712
 
500 3.572371006011963
 
530 3.5798213481903076
 
532 3.5862364768981934
 
514 3.5930368900299072
 
458 3.600247859954834
 
432 3.606699228286743
 
387 3.614586114883423
 
368 3.6212916374206543
 
355 3.628559112548828
 
350 3.6355745792388916
 
348 3.6422994136810303
 
363 3.649648904800415
 
380 3.6561155319213867
 
403 3.6641409397125244
 
446 3.671060085296631
 
475 3.678022861480713
 
506 3.6855714321136475
 
538 3.6922717094421387
 
537 3.699669361114502
 
515 3.7061281204223633
 
463 3.7129263877868652
 
425 3.7209558486938477
 
393 3.727654218673706
 
368 3.734591245651245
 
354 3.7415964603424072
 
347 3.748596429824829
 
350 3.7555906772613525
 
360 3.762293815612793
 
392 3.7705180644989014
 
406 3.776975631713867
 
438 3.784231662750244
 
484 3.7911312580108643
 
502 3.7979538440704346
 
541 3.80527400970459
 
536 3.8121891021728516
 
496 3.82041335105896
 
458 3.8268039226531982
 
429 3.833869695663452
 
388 3.8408000469207764
 
369 3.8472158908843994
 
352 3.854405641555786
 
348 3.861168146133423
 
352 3.869781970977783
 
363 3.876230478286743
 
389 3.8830726146698
 
414 3.8903722763061523
 
442 3.8968942165374756
 
478 3.904120683670044
 
517 3.9110426902770996
 
539 3.919558525085449
 
532 3.9262735843658447
 
498 3.9332172870635986
 
448 3.940402030944824
 
426 3.946803331375122
 
392 3.9538888931274414
 
364 3.9607813358306885
 
353 3.9681642055511475
 
345 3.975309133529663
 
349 3.9822657108306885
 
365 3.989870071411133
 
387 3.9969894886016846
 
409 4.0043416023254395
 
449 4.01117467880249
 
481 4.019651174545288
 
518 4.026254892349243
 
549 4.0330491065979
 
537 4.040268659591675
 
514 4.046819448471069
 
476 4.053994655609131
 
428 4.06081748008728
 
395 4.067612886428833
 
369 4.0756752490997314
 
349 4.0826122760772705
 
341 4.089834690093994
 
341 4.096261262893677
 
348 4.1032092571258545
 
375 4.110410690307617
 
399 4.116898059844971
 
433 4.125098705291748
 
466 4.132145643234253
 
495 4.1392693519592285
 
500 4.145936965942383
 
473 4.152637958526611
 
448 4.1598756313323975
 
415 4.166424989700317
 
378 4.174472093582153
 
365 4.18119215965271
 
357 4.19672417640686
 
362 4.2040181159973145
 
377 4.210897445678711
 
393 4.2178192138671875
 
453 4.2326884269714355
 
521 4.246947288513184
 
593 4.2632646560668945
 
625 4.27812123298645
 
674 4.296260356903076
 
700 4.312079191207886
 
717 4.324707508087158
 
722 4.341958045959473
 
712 4.35624885559082
 
698 4.372097015380859
 
672 4.386017084121704
 
641 4.399882078170776
 
603 4.416045188903809
 
566 4.431991815567017
 
544 4.444087505340576
 
530 4.452125310897827
 
516 4.45969295501709
 
507 4.466305732727051
 
498 4.473097801208496
 
500 4.480285167694092
 
503 4.494046449661255
 
512 4.510005474090576
 
521 4.516828536987305
 
531 4.52445650100708
 
546 4.53118896484375
 
559 4.537924289703369
 
570 4.545042991638184
 
576 4.552999258041382
 
586 4.560213088989258
 
597 4.566616535186768
 
601 4.573650121688843
 
612 4.580606937408447
 
616 4.587149143218994
 
617 4.5944061279296875
 
616 4.602187871932983
 
618 4.6095569133758545
 
619 4.616029977798462
 
614 4.6228015422821045
 
609 4.629974603652954
 
598 4.636399269104004
 
593 4.643628120422363
 
586 4.651570796966553
 
580 4.658027172088623
 
566 4.665138483047485
 
559 4.6720569133758545
 
548 4.6791393756866455
 
543 4.685678482055664
 
538 4.692372798919678
 
538 4.69977068901062
 
531 4.7071216106414795
 
528 4.714531421661377
 
524 4.721246957778931
 
526 4.7280097007751465
 
532 4.735164165496826
 
539 4.742091417312622
 
548 4.749183177947998
 
555 4.756646394729614
 
560 4.763880968093872
 
569 4.770773410797119
 
579 4.777109146118164
 
591 4.784395933151245
 
599 4.791143178939819
 
604 4.797860860824585
 
607 4.806055068969727
 
613 4.812842130661011
 
613 4.820010185241699
 
618 4.826533317565918
 
618 4.833591461181641
 
614 4.840599536895752
 
610 4.8471221923828125
 
603 4.855323314666748
 
594 4.862269401550293
 
591 4.869654178619385
 
583 4.876124620437622
 
569 4.883065700531006
 
557 4.890219688415527
 
554 4.896657943725586
 
555 4.904629468917847
 
545 4.911611318588257
 
540 4.92189359664917
 
535 4.92907190322876
 
533 4.935616493225098
 
538 4.9423205852508545
 
540 4.949892997741699
 
547 4.957167148590088
 
547 4.964407920837402
 
548 4.971187114715576
 
558 4.978058815002441
 
562 4.985215187072754
 
576 4.992932558059692
 
579 5.000182867050171
 
