0 0.014479875564575195
 
0 0.021484375
 
0 0.027819395065307617
 
3 0.035335540771484375
 
7 0.04210090637207031
 
7 0.04887223243713379
 
7 0.05596113204956055
 
42 0.06394028663635254
 
50 0.07118821144104004
 
61 0.0778803825378418
 
75 0.08508968353271484
 
79 0.09202122688293457
 
88 0.09894371032714844
 
93 0.10613417625427246
 
97 0.11398196220397949
 
98 0.1213216781616211
 
97 0.12778806686401367
 
98 0.13822269439697266
 
98 0.14586687088012695
 
100 0.1529538631439209
 
102 0.16136384010314941
 
105 0.16803622245788574
 
105 0.17537665367126465
 
105 0.18216180801391602
 
108 0.18896174430847168
 
106 0.19615769386291504
 
105 0.20321178436279297
 
105 0.21150922775268555
 
107 0.2181384563446045
 
104 0.22541427612304688
 
107 0.2321922779083252
 
107 0.23899102210998535
 
109 0.24618792533874512
 
108 0.25321173667907715
 
111 0.2607231140136719
 
109 0.2680776119232178
 
111 0.27557802200317383
 
110 0.28257250785827637
 
110 0.289503812789917
 
110 0.296527624130249
 
112 0.3032798767089844
 
111 0.31077098846435547
 
112 0.3180696964263916
 
112 0.32539868354797363
 
112 0.33217430114746094
 
112 0.339522123336792
 
111 0.3465273380279541
 
112 0.3535294532775879
 
112 0.360790491104126
 
112 0.3679320812225342
 
112 0.37512660026550293
 
113 0.3820352554321289
 
112 0.3888516426086426
 
112 0.3962078094482422
 
111 0.4032418727874756
 
113 0.41077709197998047
 
110 0.4182014465332031
 
111 0.425508975982666
 
111 0.43258118629455566
 
113 0.4399082660675049
 
110 0.4466087818145752
 
112 0.4537677764892578
 
110 0.4609959125518799
 
110 0.46872830390930176
 
109 0.47583818435668945
 
108 0.48288965225219727
 
107 0.4900691509246826
 
106 0.4968736171722412
 
107 0.5037844181060791
 
106 0.5110311508178711
 
107 0.5187621116638184
 
108 0.5258760452270508
 
108 0.5329225063323975
 
108 0.540125846862793
 
108 0.5468747615814209
 
108 0.5538244247436523
 
108 0.5610723495483398
 
108 0.5686140060424805
 
109 0.576038122177124
 
109 0.583092451095581
 
111 0.5905799865722656
 
110 0.5973050594329834
 
110 0.6042027473449707
 
110 0.6115210056304932
 
109 0.6189537048339844
 
110 0.626183271408081
 
110 0.6332075595855713
 
111 0.6408882141113281
 
110 0.6473379135131836
 
113 0.6542317867279053
 
111 0.6614906787872314
 
112 0.669034481048584
 
113 0.6762256622314453
 
113 0.6832568645477295
 
113 0.6907808780670166
 
113 0.6974554061889648
 
113 0.7045693397521973
 
113 0.711585283279419
 
113 0.7190661430358887
 
112 0.7267260551452637
 
114 0.7336275577545166
 
114 0.7408618927001953
 
112 0.747316837310791
 
111 0.7546086311340332
 
110 0.7616019248962402
 
109 0.7680604457855225
 
109 0.7761869430541992
 
110 0.7832612991333008
 
110 0.7907536029815674
 
111 0.7972166538238525
 
111 0.8041298389434814
 
112 0.8114495277404785
 
111 0.8180510997772217
 
113 0.8262121677398682
 
113 0.833240270614624
 
114 0.8407549858093262
 
114 0.8472597599029541
 
114 0.8545522689819336
 
114 0.8615891933441162
 
115 0.868065357208252
 
114 0.8765318393707275
 
116 0.8834893703460693
 
116 0.8907928466796875
 
114 0.8973081111907959
 
116 0.9041831493377686
 
114 0.9114274978637695
 
116 0.9178991317749023
 
115 0.9262216091156006
 
116 0.9332294464111328
 
115 0.9408318996429443
 
115 0.9480316638946533
 
115 0.9553892612457275
 
115 0.9621813297271729
 
114 0.968956470489502
 
114 0.9772486686706543
 
114 0.9846017360687256
 
114 0.9916012287139893
 
113 0.9985144138336182
 
113 1.0055758953094482
 
113 1.0126900672912598
 
112 1.0200037956237793
 
111 1.027550458908081
 
111 1.0346598625183105
 
112 1.0416736602783203
 
112 1.0481398105621338
 
113 1.0556132793426514
 
112 1.0627071857452393
 
112 1.0696077346801758
 
112 1.0774357318878174
 
114 1.084571123123169
 
111 1.0915920734405518
 
114 1.098038911819458
 
115 1.105393409729004
 
114 1.1214203834533691
 
114 1.1299030780792236
 
114 1.1447808742523193
 
115 1.1517882347106934
 
115 1.158738136291504
 
114 1.1661443710327148
 
115 1.173163652420044
 
114 1.1930418014526367
 
113 1.2075262069702148
 
112 1.2217974662780762
 
113 1.2386631965637207
 
112 1.2539215087890625
 
112 1.2677829265594482
 
111 1.2834978103637695
 
110 1.2972970008850098
 
110 1.3135390281677246
 
111 1.327775001525879
 
112 1.3417723178863525
 
112 1.3587307929992676
 
113 1.3741137981414795
 
113 1.3882379531860352
 
113 1.402209758758545
 
113 1.4124867916107178
 
112 1.4199295043945312
 
113 1.4266200065612793
 
112 1.4335095882415771
 
112 1.4408154487609863
 
113 1.4545507431030273
 
113 1.4705886840820312
 
113 1.4776065349578857
 
113 1.48508620262146
 
113 1.4920551776885986
 
112 1.4988515377044678
 
114 1.5072522163391113
 
113 1.5141899585723877
 
114 1.5214643478393555
 
115 1.5279216766357422
 
114 1.5353906154632568
 
114 1.5421795845031738
 
113 1.5490305423736572
 
113 1.5562028884887695
 
112 1.564176082611084
 
113 1.5714805126190186
 
112 1.5779614448547363
 
114 1.5853004455566406
 
114 1.5921478271484375
 
114 1.5990815162658691
 
115 1.6065189838409424
 
115 1.6145260334014893
 
115 1.6230247020721436
 
114 1.6304678916931152
 
114 1.6372113227844238
 
115 1.6441669464111328
 
114 1.6514289379119873
 
114 1.65909743309021
 
114 1.6665596961975098
 
114 1.673506259918213
 
115 1.6807873249053955
 
115 1.6872811317443848
 
113 1.694190502166748
 
115 1.7014377117156982
 
115 1.7078912258148193
 
114 1.7165770530700684
 
115 1.723531723022461
 
115 1.7307953834533691
 
115 1.7372686862945557
 
115 1.7442023754119873
 
114 1.751441478729248
 
114 1.7579004764556885
 
115 1.766486644744873
 
115 1.7732429504394531
 
115 1.780883550643921
 
115 1.787337064743042
 
116 1.7945759296417236
 
114 1.801605463027954
 
115 1.8080823421478271
 
114 1.8165853023529053
 
113 1.8235645294189453
 
114 1.830841302871704
 
114 1.8374946117401123
 
113 1.8446223735809326
 
115 1.8516113758087158
 
113 1.8581268787384033
 
113 1.8665781021118164
 
113 1.8735301494598389
 
114 1.880784273147583
 
112 1.887244701385498
 
114 1.8946034908294678
 
114 1.9016058444976807
 
114 1.9080684185028076
 
114 1.9164607524871826
 
114 1.9232640266418457
 
115 1.9307596683502197
 
116 1.9372217655181885
 
116 1.9451332092285156
 
114 1.9520647525787354
 
116 1.9589955806732178
 
114 1.9672787189483643
 
115 1.9742209911346436
 
116 1.9815559387207031
 
116 1.9880385398864746
 
116 1.9953413009643555
 
116 2.002143621444702
 
114 2.0089478492736816
 
114 2.0174074172973633
 
115 2.024705410003662
 
113 2.0316505432128906
 
114 2.038128137588501
 
114 2.0455024242401123
 
113 2.0525386333465576
 
113 2.0590898990631104
 
111 2.067378282546997
 
111 2.0747389793395996
 
109 2.0817086696624756
 
109 2.0881717205047607
 
109 2.0955028533935547
 
110 2.1026713848114014
 
111 2.109938621520996
 
111 2.117447853088379
 
110 2.12457275390625
 
111 2.1315884590148926
 
111 2.1458113193511963
 
110 2.1529157161712646
 
113 2.160641670227051
 
112 2.168073892593384
 
112 2.1753907203674316
 
112 2.1822152137756348
 
114 2.1889848709106445
 
112 2.1965410709381104
 
112 2.2032699584960938
 
113 2.2107927799224854
 
112 2.2180182933807373
 
113 2.2253689765930176
 
113 2.2321462631225586
 
113 2.238948106765747
 
113 2.2461657524108887
 
112 2.2532172203063965
 
112 2.2608423233032227
 
112 2.2673370838165283
 
112 2.2754085063934326
 
111 2.2821927070617676
 
111 2.289926052093506
 
112 2.2966723442077637
 
112 2.3035900592803955
 
112 2.310818910598755
 
112 2.317415237426758
 
112 2.3254189491271973
 
110 2.3325111865997314
 
111 2.3390040397644043
 
110 2.346194267272949
 
109 2.353245258331299
 
109 2.3607301712036133
 
110 2.3672068119049072
 
111 2.375361680984497
 
111 2.382148504257202
 
111 2.3889408111572266
 
112 2.396111011505127
 
111 2.403151750564575
 
112 2.4107587337493896
 
112 2.4173848628997803
 
113 2.4254953861236572
 
113 2.4325389862060547
 
113 2.440011739730835
 
113 2.4466850757598877
 
113 2.4535810947418213
 
113 2.4608190059661865
 
112 2.467317581176758
 
113 2.475480556488037
 
112 2.482240915298462
 
112 2.488985300064087
 
112 2.4965286254882812
 
112 2.503255605697632
 
112 2.5107297897338867
 
112 2.5172204971313477
 
112 2.5254008769989014
 
112 2.532174587249756
 
112 2.538944721221924
 
110 2.5465848445892334
 
111 2.5573577880859375
 
111 2.5642356872558594
 
112 2.5714902877807617
 
111 2.5789201259613037
 
112 2.5861380100250244
 
112 2.5931661128997803
 
110 2.600623369216919
 
110 2.607102632522583
 
109 2.6141536235809326
 
108 2.621411085128784
 
108 2.628945827484131
 
109 2.636110305786133
 
109 2.643097400665283
 
109 2.6505396366119385
 
109 2.6570804119110107
 
110 2.663936138153076
 
109 2.671222686767578
 
110 2.6790080070495605
 
109 2.6862053871154785
 
109 2.6932172775268555
 
110 2.700749397277832
 
110 2.70723032951355
 
110 2.7141313552856445
 
111 2.721379518508911
 
110 2.7289113998413086
 
110 2.7362282276153564
 
110 2.743255138397217
 
110 2.750779628753662
 
110 2.7572643756866455
 
110 2.764146327972412
 
110 2.7713847160339355
 
111 2.778926134109497
 
111 2.786207914352417
 
111 2.7932498455047607
 
112 2.8008790016174316
 
110 2.807483673095703
 
111 2.8146514892578125
 
110 2.821600914001465
 
110 2.828993082046509
 
110 2.8361928462982178
 
110 2.8432133197784424
 
109 2.8507065773010254
 
108 2.8573591709136963
 
108 2.8644652366638184
 
105 2.871544599533081
 
104 2.879023313522339
 
104 2.8862056732177734
 
102 2.8934617042541504
 
101 2.9008376598358154
 
100 2.9073009490966797
 
101 2.91461443901062
 
101 2.921609878540039
 
101 2.9290740489959717
 
101 2.9367265701293945
 
101 2.9445600509643555
 
101 2.951598882675171
 
101 2.9580655097961426
 
99 2.9653878211975098
 
101 2.972219944000244
 
101 2.9808878898620605
 
102 2.987363576889038
 
102 2.9942283630371094
 
103 3.0014984607696533
 
104 3.007936477661133
 
104 3.0152950286865234
 
104 3.0221059322357178
 
105 3.028897285461426
 
105 3.03735089302063
 
105 3.0442068576812744
 
105 3.051516532897949
 
105 3.057932138442993
 
105 3.065412998199463
 
106 3.0722033977508545
 
106 3.0790250301361084
 
106 3.0873000621795654
 
106 3.094602584838867
 
106 3.101635694503784
 
106 3.108126640319824
 
105 3.115388870239258
 
106 3.1221797466278076
 
105 3.12894606590271
 
106 3.14133358001709
 
105 3.147944450378418
 
105 3.1554980278015137
 
105 3.1626975536346436
 
104 3.170177698135376
 
103 3.176968574523926
 
103 3.185025453567505
 
103 3.1919140815734863
 
104 3.1989169120788574
 
105 3.2060985565185547
 
105 3.213106632232666
 
105 3.2207963466644287
 
107 3.227285623550415
 
107 3.2352898120880127
 
109 3.242116928100586
 
108 3.248931646347046
 
110 3.2560856342315674
 
110 3.2630767822265625
 
111 3.2705469131469727
 
111 3.2772772312164307
 
112 3.2853925228118896
 
113 3.292165994644165
 
112 3.2989420890808105
 
112 3.3061795234680176
 
112 3.3132169246673584
 
113 3.3207075595855713
 
113 3.3274033069610596
 
114 3.335632801055908
 
113 3.3427796363830566
 
113 3.3499996662139893
 
114 3.3566970825195312
 
112 3.363633632659912
 
112 3.370861768722534
 
112 3.377314567565918
 
112 3.384187936782837
 
112 3.3922152519226074
 
112 3.399911642074585
 
112 3.406543016433716
 
111 3.413501262664795
 
114 3.420790195465088
 
112 3.427281379699707
 
112 3.4341914653778076
 
112 3.4422152042388916
 
112 3.449000835418701
 
110 3.456629991531372
 
112 3.463569402694702
 
113 3.470865249633789
 
113 3.4773459434509277
 
113 3.4842255115509033
 
113 3.4921326637268066
 
113 3.4989213943481445
 
113 3.5060877799987793
 
113 3.513089418411255
 
112 3.520772933959961
 
114 3.5272767543792725
 
113 3.5342042446136475
 
114 3.542480707168579
 
113 3.548992395401001
 
113 3.556192636489868
 
113 3.5632436275482178
 
113 3.5707578659057617
 
113 3.5773985385894775
 
113 3.584672451019287
 
114 3.5927200317382812
 
113 3.5999057292938232
 
114 3.6065800189971924
 
114 3.613511562347412
 
114 3.620818853378296
 
115 3.627310037612915
 
115 3.634601354598999
 
113 3.642521381378174
 
113 3.6498987674713135
 
115 3.656538248062134
 
112 3.6634607315063477
 
113 3.6707639694213867
 
113 3.6772475242614746
 
113 3.6841771602630615
 
111 3.692136526107788
 
111 3.6991031169891357
 
110 3.7065110206604004
 
110 3.713256359100342
 
109 3.720885992050171
 
109 3.727302312850952
 
110 3.7342026233673096
 
110 3.7421205043792725
 
110 3.7489402294158936
 
111 3.756525754928589
 
111 3.763488531112671
 
110 3.7707786560058594
 
110 3.7772955894470215
 
110 3.784181594848633
 
111 3.792174816131592
 
111 3.79899525642395
 
112 3.8062098026275635
 
111 3.8132240772247314
 
113 3.8208515644073486
 
111 3.8273203372955322
 
111 3.834214210510254
 
110 3.8414700031280518
 
112 3.8499960899353027
 
110 3.856682777404785
 
112 3.863586187362671
 
112 3.870835542678833
 
113 3.877455234527588
 
113 3.8845670223236084
 
114 3.891608953475952
 
113 3.8998963832855225
 
113 3.9065206050872803
 
113 3.913482904434204
 
113 3.920774221420288
 
114 3.927250385284424
 
114 3.9345452785491943
 
114 3.9415900707244873
 
112 3.965630531311035
 
112 3.981687307357788
 
112 4.0017571449279785
 
114 4.022183895111084
 
115 4.048691511154175
 
116 4.0855982303619385
 
115 4.11188817024231
 
114 4.118854284286499
 
115 4.126056671142578
 
116 4.133068084716797
 
116 4.152583837509155
 
115 4.1600258350372314
 
115 4.16705846786499
 
115 4.174180269241333
 
114 4.181422233581543
 
115 4.187911510467529
 
115 4.195130348205566
 
114 4.203115701675415
 
114 4.210531711578369
 
114 4.217089891433716
 
114 4.2239954471588135
 
114 4.231302976608276
 
114 4.237956285476685
 
113 4.245252370834351
 
113 4.252992391586304
 
114 4.260180234909058
 
114 4.2669079303741455
 
114 4.273776054382324
 
114 4.281054973602295
 
114 4.287527799606323
 
114 4.294787406921387
 
114 4.302815675735474
 
114 4.310040473937988
 
115 4.316716194152832
 
115 4.323615550994873
 
115 4.330855131149292
 
116 4.337333679199219
 
116 4.344209909439087
 
116 4.35212516784668
 
116 4.3595099449157715
 
116 4.366835355758667
 
116 4.373685359954834
 
115 4.380880355834961
 
116 4.387300729751587
 
116 4.394223213195801
 
116 4.402211427688599
 
115 4.409000396728516
 
116 4.416581153869629
 
114 4.423625230789185
 
115 4.430900812149048
 
114 4.437342882156372
 
114 4.444200277328491
 
114 4.451473712921143
 
114 4.458979606628418
 
114 4.467939615249634
 
115 4.475396394729614
 
115 4.4822282791137695
 
111 4.488997459411621
 
114 4.496602296829224
 
110 4.504189968109131
 
111 4.5114521980285645
 
113 4.517928838729858
 
113 4.525243282318115
 
111 4.532044172286987
 
114 4.539003372192383
 
113 4.546196222305298
 
113 4.554157495498657
 
113 4.561451196670532
 
113 4.567939043045044
 
112 4.575239658355713
 
114 4.582070827484131
 
114 4.588876962661743
 
114 4.596453428268433
 
113 4.603243589401245
 
114 4.611461639404297
 
113 4.617914199829102
 
113 4.6254332065582275
 
113 4.632216215133667
 
113 4.638991355895996
 
112 4.646194934844971
 
113 4.653237581253052
 
113 4.661644697189331
 
113 4.668140888214111
 
112 4.675454616546631
 
113 4.682560920715332
 
112 4.689497470855713
 
112 4.696545839309692
 
112 4.703275680541992
 
113 4.711519718170166
 
113 4.718146085739136
 
113 4.7254111766815186
 
113 4.73248815536499
 
114 4.7390241622924805
 
114 4.746217727661133
 
112 4.753235101699829
 
112 4.761624336242676
 
112 4.768110275268555
 
111 4.77556300163269
 
112 4.782577753067017
 
112 4.789519309997559
 
113 4.796599388122559
 
114 4.803534030914307
 
114 4.81159234046936
 
114 4.818045377731323
 
114 4.825406551361084
 
114 4.832188367843628
 
113 4.839937925338745
 
114 4.846617221832275
 
114 4.853553533554077
 
114 4.86159348487854
 
114 4.8680431842803955
 
114 4.8753883838653564
 
113 4.882183790206909
 
113 4.8899195194244385
 
113 4.896853685379028
 
114 4.903746604919434
 
114 4.911750555038452
 
114 4.918501138687134
 
114 4.925556898117065
 
115 4.932581901550293
 
115 4.9395129680633545
 
114 4.9473536014556885
 
114 4.954724073410034
 
114 4.9627299308776855
 
114 4.969970464706421
 
114 4.976640701293945
 
115 4.9836037158966064
 
114 4.990860462188721
 
114 4.99733304977417
 
114 5.00420618057251
 
