0 0.013368368148803711
 
0 0.020392179489135742
 
0 0.027352571487426758
 
3 0.03382444381713867
 
20 0.04236745834350586
 
72 0.04953479766845703
 
76 0.05658149719238281
 
38 0.06330227851867676
 
114 0.07035470008850098
 
145 0.07746315002441406
 
164 0.08473324775695801
 
232 0.09491968154907227
 
247 0.10186576843261719
 
279 0.10867023468017578
 
288 0.11596965789794922
 
302 0.12237668037414551
 
303 0.12954020500183105
 
306 0.13647222518920898
 
305 0.14465761184692383
 
320 0.15135622024536133
 
339 0.1580049991607666
 
354 0.16563773155212402
 
367 0.17229151725769043
 
375 0.17930984497070312
 
388 0.18625426292419434
 
391 0.19376468658447266
 
393 0.20099353790283203
 
391 0.20794034004211426
 
387 0.21542954444885254
 
398 0.22215557098388672
 
403 0.2292802333831787
 
413 0.23628020286560059
 
415 0.2437450885772705
 
423 0.2509884834289551
 
434 0.25797104835510254
 
446 0.26532816886901855
 
444 0.2718167304992676
 
434 0.27884364128112793
 
452 0.28615808486938477
 
465 0.2925581932067871
 
467 0.3007481098175049
 
455 0.3076794147491455
 
442 0.3148326873779297
 
446 0.32164883613586426
 
458 0.3283731937408447
 
457 0.3355674743652344
 
443 0.34217333793640137
 
436 0.3501589298248291
 
449 0.356978178024292
 
462 0.36368489265441895
 
465 0.3708302974700928
 
456 0.3777463436126709
 
438 0.38489699363708496
 
443 0.3916926383972168
 
456 0.3997530937194824
 
459 0.4067087173461914
 
448 0.4134664535522461
 
439 0.4206221103668213
 
447 0.4277186393737793
 
464 0.4349963665008545
 
466 0.4416944980621338
 
450 0.44953346252441406
 
442 0.4565925598144531
 
448 0.4635579586029053
 
469 0.47060060501098633
 
469 0.4775724411010742
 
456 0.484722375869751
 
443 0.4912898540496826
 
450 0.5001733303070068
 
456 0.5069119930267334
 
455 0.5136349201202393
 
442 0.5209376811981201
 
430 0.5279545783996582
 
443 0.535520076751709
 
456 0.541985273361206
 
461 0.549767255783081
 
448 0.5566012859344482
 
438 0.563560962677002
 
450 0.5707786083221436
 
467 0.5776937007904053
 
469 0.584975004196167
 
457 0.5916430950164795
 
437 0.5993881225585938
 
443 0.6064386367797852
 
455 0.6127974987030029
 
451 0.6200346946716309
 
444 0.6267826557159424
 
432 0.633631706237793
 
451 0.6412820816040039
 
461 0.6479980945587158
 
460 0.6562204360961914
 
446 0.6626482009887695
 
440 0.6698582172393799
 
448 0.6768074035644531
 
463 0.6835150718688965
 
458 0.6948895454406738
 
438 0.7025713920593262
 
433 0.7100393772125244
 
446 0.7169272899627686
 
459 0.7238481044769287
 
462 0.7309634685516357
 
456 0.7379121780395508
 
439 0.7453770637512207
 
448 0.7526814937591553
 
463 0.7600865364074707
 
460 0.7668120861053467
 
445 0.7735538482666016
 
433 0.780707836151123
 
444 0.787705659866333
 
462 0.7947971820831299
 
465 0.8021657466888428
 
455 0.8089790344238281
 
443 0.8162803649902344
 
450 0.8229386806488037
 
470 0.8303384780883789
 
467 0.8373310565948486
 
460 0.8437752723693848
 
444 0.8509340286254883
 
449 0.8592526912689209
 
458 0.8662073612213135
 
460 0.8725965023040771
 
451 0.8799729347229004
 
441 0.8868756294250488
 
447 0.8936874866485596
 
466 0.9008100032806396
 
465 0.9087009429931641
 
450 0.9159398078918457
 
436 0.9224309921264648
 
440 0.9297099113464355
 
455 0.936530590057373
 
460 0.9434285163879395
 
450 0.9507551193237305
 
442 0.958660364151001
 
459 0.9659426212310791
 
467 0.9723825454711914
 
466 0.9794344902038574
 
452 0.9863464832305908
 
438 0.9928221702575684
 
446 1.000330924987793
 
457 1.0084667205810547
 
452 1.0156285762786865
 
435 1.0219933986663818
 
428 1.028904676437378
 
431 1.036243200302124
 
444 1.042618751525879
 
447 1.04974365234375
 
438 1.0576093196868896
 
436 1.064992904663086
 
450 1.0717880725860596
 
467 1.0788064002990723
 
465 1.0859711170196533
 
451 1.0923957824707031
 
444 1.0995464324951172
 
455 1.1077325344085693
 
468 1.114842414855957
 
474 1.1216778755187988
 
458 1.1284396648406982
 
447 1.1355993747711182
 
450 1.1420702934265137
 
454 1.1489474773406982
 
452 1.1561052799224854
 
444 1.1635808944702148
 
434 1.1707539558410645
 
442 1.1779003143310547
 
463 1.1854727268218994
 
463 1.1919026374816895
 
452 1.1986987590789795
 
443 1.2060444355010986
 
455 1.213710069656372
 
478 1.2208225727081299
 
474 1.2277286052703857
 
458 1.234834909439087
 
444 1.241654872894287
 
442 1.2485694885253906
 
458 1.2557883262634277
 
455 1.2633039951324463
 
446 1.270263910293579
 
437 1.2773418426513672
 
447 1.2847089767456055
 
457 1.2913053035736084
 
458 1.2979953289031982
 
449 1.3055698871612549
 
437 1.31278657913208
 
453 1.320129632949829
 
465 1.3268334865570068
 
469 1.333540439605713
 
452 1.340822458267212
 
440 1.3478329181671143
 
445 1.355299711227417
 
459 1.3626868724822998
 
463 1.3698289394378662
 
446 1.3766372203826904
 
439 1.3834269046783447
 
444 1.3905770778656006
 
460 1.3975212574005127
 
460 1.4042391777038574
 
450 1.4121458530426025
 
443 1.4194231033325195
 
453 1.4264092445373535
 
472 1.4327921867370605
 
470 1.4400603771209717
 
453 1.4468274116516113
 
441 1.4535622596740723
 
439 1.4607722759246826
 
455 1.4688146114349365
 
452 1.4759800434112549
 
441 1.4825630187988281
 
433 1.4898064136505127
 
440 1.496760606765747
 
457 1.5049450397491455
 
455 1.5116214752197266
 
443 1.519531488418579
 
432 1.5265123844146729
 
442 1.5332844257354736
 
462 1.5404200553894043
 
464 1.547349214553833
 
454 1.5546865463256836
 
438 1.561375379562378
 
446 1.5693533420562744
 
458 1.5762882232666016
 
464 1.582686424255371
 
457 1.5898315906524658
 
444 1.596766710281372
 
451 1.6037476062774658
 
464 1.6108782291412354
 
464 1.6187939643859863
 
445 1.6259794235229492
 
438 1.632436752319336
 
441 1.6396691799163818
 
458 1.6464815139770508
 
459 1.652834177017212
 
449 1.6602253913879395
 
440 1.6682662963867188
 
449 1.675555944442749
 
465 1.6819868087768555
 
467 1.688746452331543
 
447 1.6994068622589111
 
439 1.7064151763916016
 
448 1.7133946418762207
 
460 1.7219583988189697
 
456 1.7288928031921387
 
442 1.7361011505126953
 
432 1.7426073551177979
 
440 1.7498712539672852
 
453 1.7566912174224854
 
456 1.7634320259094238
 
440 1.7717223167419434
 
428 1.7787938117980957
 
442 1.7861125469207764
 
453 1.7925012111663818
 
456 1.7995314598083496
 
443 1.8064875602722168
 
436 1.8129527568817139
 
447 1.821486234664917
 
463 1.828298807144165
 
467 1.8354957103729248
 
449 1.8420896530151367
 
445 1.8489511013031006
 
449 1.8562068939208984
 
463 1.8627703189849854
 
458 1.8708631992340088
 
447 1.87776780128479
 
433 1.8849408626556396
 
437 1.8917887210845947
 
452 1.898725986480713
 
454 1.9059076309204102
 
445 1.912327766418457
 
440 1.9203813076019287
 
450 1.9275763034820557
 
468 1.934678077697754
 
469 1.941314458847046
 
456 1.9480202198028564
 
449 1.955514907836914
 
453 1.962188482284546
 
464 1.970154047012329
 
460 1.976884126663208
 
451 1.9836151599884033
 
435 1.9909911155700684
 
442 1.998013973236084
 
459 2.0054426193237305
 
463 2.0119354724884033
 
451 2.018872022628784
 
441 2.026853322982788
 
448 2.0336837768554688
 
464 2.040795087814331
 
464 2.0476925373077393
 
452 2.054795026779175
 
443 2.0614352226257324
 
451 2.0684635639190674
 
468 2.076356887817383
 
465 2.0828874111175537
 
447 2.0901167392730713
 
435 2.096932888031006
 
442 2.1036951541900635
 
455 2.1108345985412598
 
465 2.1177597045898438
 
445 2.1260311603546143
 
442 2.132566213607788
 
448 2.1400253772735596
 
463 2.1467692852020264
 
463 2.1534998416900635
 
451 2.160440683364868
 
441 2.167545795440674
 
449 2.175828456878662
 
466 2.182229518890381
 
463 2.189236640930176
 
443 2.1961581707000732
 
435 2.202779769897461
 
442 2.210137367248535
 
458 2.2168402671813965
 
459 2.225520372390747
 
451 2.2319347858428955
 
440 2.2388060092926025
 
455 2.24617075920105
 
463 2.2527353763580322
 
457 2.2601161003112793
 
448 2.2668354511260986
 
439 2.275322675704956
 
449 2.281921148300171
 
468 2.288696527481079
 
466 2.295926332473755
 
451 2.302347421646118
 
440 2.309386730194092
 
445 2.3164212703704834
 
454 2.3229520320892334
 
456 2.3312923908233643
 
440 2.337975263595581
 
433 2.345421075820923
 
440 2.351961612701416
 
453 2.3587567806243896
 
450 2.3693149089813232
 
435 2.3772692680358887
 
432 2.3848114013671875
 
445 2.391582727432251
 
466 2.3983078002929688
 
465 2.40553617477417
 
456 2.4119484424591064
 
441 2.4188458919525146
 
449 2.4269368648529053
 
460 2.43367862701416
 
457 2.4409594535827637
 
449 2.4479000568389893
 
431 2.4553210735321045
 
437 2.461923599243164
 
452 2.4686806201934814
 
452 2.4759204387664795
 
447 2.4833223819732666
 
436 2.490384101867676
 
446 2.497537851333618
 
468 2.505770444869995
 
466 2.512319564819336
 
451 2.519345998764038
 
436 2.526359796524048
 
443 2.5337514877319336
 
461 2.5408451557159424
 
465 2.5477499961853027
 
449 2.554957389831543
 
436 2.561864137649536
 
441 2.568739414215088
 
454 2.575993299484253
 
456 2.5834803581237793
 
442 2.590538740158081
 
437 2.597573757171631
 
448 2.60479736328125
 
459 2.6113414764404297
 
460 2.6183829307556152
 
447 2.625577211380005
 
434 2.632798433303833
 
444 2.64028000831604
 
458 2.647299289703369
 
463 2.6537024974823
 
454 2.6607537269592285
 
442 2.6677260398864746
 
449 2.674943447113037
 
461 2.68255877494812
 
446 2.697598695755005
 
435 2.704881429672241
 
435 2.711829423904419
 
452 2.7189948558807373
 
467 2.726264476776123
 
460 2.739245891571045
 
432 2.754870891571045
 
454 2.7698307037353516
 
505 2.787778615951538
 
497 2.8002736568450928
 
439 2.8158786296844482
 
387 2.831421136856079
 
386 2.8447184562683105
 
446 2.8564321994781494
 
462 2.872610569000244
 
409 2.8863673210144043
 
382 2.900852680206299
 
418 2.9164350032806396
 
433 2.932586669921875
 
377 2.946350336074829
 
381 2.960744857788086
 
394 2.9723594188690186
 
429 2.982804775238037
 
420 2.9900612831115723
 
391 2.996861457824707
 
418 3.0142629146575928
 
436 3.026808500289917
 
413 3.0353896617889404
 
391 3.0420889854431152
 
398 3.049262046813965
 
409 3.0562431812286377
 
414 3.063627004623413
 
417 3.0708863735198975
 
418 3.0779287815093994
 
438 3.084995985031128
 
445 3.0917038917541504
 
443 3.098616361618042
 
439 3.105891466140747
 
454 3.112394332885742
 
473 3.120319366455078
 
469 3.127258777618408
 
457 3.1337335109710693
 
441 3.140848159790039
 
445 3.1478617191314697
 
457 3.155233144760132
 
458 3.1619300842285156
 
447 3.169774055480957
 
433 3.176640033721924
 
441 3.1834604740142822
 
458 3.1904489994049072
 
460 3.1974520683288574
 
453 3.203857660293579
 
441 3.211327314376831
 
452 3.219515562057495
 
467 3.2264113426208496
 
467 3.232780694961548
 
452 3.240086317062378
 
443 3.246885061264038
 
450 3.253706455230713
 
463 3.2608094215393066
 
465 3.2687525749206543
 
445 3.2759430408477783
 
438 3.2826266288757324
 
443 3.290128469467163
 
456 3.2968697547912598
 
458 3.3035645484924316
 
447 3.3106093406677246
 
438 3.318624258041382
 
455 3.325943946838379
 
466 3.332369089126587
 
466 3.3396565914154053
 
450 3.3464722633361816
 
440 3.3529717922210693
 
452 3.3603317737579346
 
464 3.367313861846924
 
465 3.3755533695220947
 
443 3.3820066452026367
 
432 3.3889100551605225
 
438 3.396164894104004
 
449 3.402716636657715
 
446 3.4100089073181152
 
442 3.4167232513427734
 
431 3.4253365993499756
 
445 3.431933641433716
 
464 3.4387359619140625
 
464 3.4459586143493652
 
451 3.4523823261260986
 
438 3.45978045463562
 
453 3.4667375087738037
 
467 3.4749484062194824
 
465 3.4816412925720215
 
446 3.4884145259857178
 
433 3.4957308769226074
 
442 3.5029561519622803
 
458 3.5103273391723633
 
462 3.5172953605651855
 
449 3.5257012844085693
 
440 3.5322468280792236
 
447 3.5393872261047363
 
462 3.546311616897583
 
460 3.552814483642578
 
450 3.5600759983062744
 
439 3.5668725967407227
 
454 3.5754106044769287
 
473 3.5820488929748535
 
468 3.588874340057373
 
452 3.5960848331451416
 
444 3.6024868488311768
 
442 3.609743118286133
 
454 3.616579055786133
 
458 3.624662399291992
 
447 3.6312081813812256
 
440 3.638007640838623
 
449 3.645662307739258
 
465 3.65202260017395
 
462 3.6587772369384766
 
452 3.6659512519836426
 
443 3.673527240753174
 
454 3.6809186935424805
 
472 3.6878299713134766
 
466 3.698925495147705
 
436 3.7060954570770264
 
429 3.712738275527954
 
438 3.720309019088745
 
452 3.728301525115967
 
452 3.735450506210327
 
444 3.741900682449341
 
430 3.7487599849700928
 
443 3.7560927867889404
 
455 3.7627151012420654
 
457 3.7698583602905273
 
442 3.7776050567626953
 
435 3.7848598957061768
 
448 3.7916388511657715
 
462 3.7983639240264893
 
462 3.805558919906616
 
447 3.812124013900757
 
439 3.8194727897644043
 
449 3.8275046348571777
 
460 3.833859920501709
 
458 3.841207981109619
 
451 3.847930908203125
 
434 3.855391502380371
 
437 3.8619508743286133
 
456 3.8687450885772705
 
454 3.8766636848449707
 
445 3.8835818767547607
 
439 3.890782117843628
 
450 3.897836446762085
 
472 3.904952049255371
 
471 3.911633253097534
 
459 3.9183695316314697
 
444 3.925564765930176
 
451 3.932849407196045
 
465 3.9402785301208496
 
465 3.9469969272613525
 
455 3.953680992126465
 
442 3.960944890975952
 
449 3.9679923057556152
 
458 3.9753427505493164
 
462 3.9825127124786377
 
450 3.989555597305298
 
439 3.9965739250183105
 
446 4.003547191619873
 
463 4.010573625564575
 
465 4.017544269561768
 
454 4.024237871170044
 
435 4.032048225402832
 
444 4.038985013961792
 
460 4.046167850494385
 
463 4.052565097808838
 
459 4.059849739074707
 
444 4.066700458526611
 
448 4.073710680007935
 
466 4.081906795501709
 
465 4.088696002960205
 
445 4.095908164978027
 
439 4.102398872375488
 
445 4.10966420173645
 
462 4.116480350494385
 
459 4.1232991218566895
 
448 4.131437540054321
 
437 4.138396978378296
 
447 4.145655632019043
 
463 4.152025938034058
 
464 4.158816576004028
 
451 4.1660332679748535
 
443 4.172562122344971
 
448 4.18095850944519
 
460 4.188006162643433
 
453 4.195372819900513
 
436 4.2019944190979
 
427 4.208902597427368
 
442 4.216243028640747
 
449 4.222609281539917
 
452 4.229748010635376
 
441 4.237675428390503
 
426 4.24528431892395
 
435 4.251867294311523
 
455 4.258674383163452
 
462 4.265813589096069
 
451 4.272216558456421
 
442 4.279356002807617
 
450 4.287330627441406
 
461 4.293760776519775
 
465 4.301364898681641
 
447 4.308025360107422
 
441 4.315530300140381
 
449 4.322040796279907
 
463 4.329247951507568
 
459 4.337301254272461
 
452 4.343738079071045
 
433 4.3508875370025635
 
440 4.357942342758179
 
456 4.365548133850098
 
466 4.371955394744873
 
450 4.378748416900635
 
442 4.386771202087402
 
447 4.393620014190674
 
466 4.400716304779053
 
460 4.407609939575195
 
450 4.414726495742798
 
440 4.421655178070068
 
447 4.428568124771118
 
462 4.43636679649353
 
462 4.442777395248413
 
455 4.450071811676025
 
438 4.456860542297363
 
451 4.4646642208099365
 
460 4.471224784851074
 
470 4.478383302688599
 
456 4.486277103424072
 
450 4.492647647857666
 
450 4.500860929489136
 
465 4.507909536361694
 
459 4.514994382858276
 
442 4.521728277206421
 
431 4.528573036193848
 
440 4.53655743598938
 
449 4.543439865112305
 
454 4.55040979385376
 
442 4.557437419891357
 
426 4.564664363861084
 
434 4.571359395980835
 
457 4.578235387802124
 
461 4.585398197174072
 
450 4.592813491821289
 
439 4.600311040878296
 
448 4.607346296310425
 
461 4.613770484924316
 
466 4.620901584625244
 
459 4.627825975418091
 
447 4.635262489318848
 
453 4.642611980438232
 
469 4.649779558181763
 
468 4.656591415405273
 
456 4.663455486297607
 
442 4.670391321182251
 
444 4.677587032318115
 
460 4.684658527374268
 
451 4.699384689331055
 
437 4.7063398361206055
 
436 4.71294379234314
 
451 4.720792055130005
 
464 4.7276930809021
 
465 4.734871864318848
 
450 4.74224853515625
 
443 4.749367713928223
 
452 4.756394624710083
 
461 4.762782573699951
 
460 4.770026445388794
 
447 4.776762962341309
 
436 4.783717393875122
 
450 4.7920708656311035
 
459 4.79890251159668
 
457 4.806121826171875
 
448 4.812504291534424
 
433 4.819714307785034
 
441 4.826622247695923
 
452 4.833296298980713
 
453 4.841691255569458
 
443 4.848672866821289
 
437 4.855950593948364
 
452 4.862412214279175
 
464 4.869433164596558
 
464 4.876341104507446
 
456 4.882685661315918
 
442 4.889882564544678
 
445 4.897944211959839
 
466 4.905489206314087
 
470 4.911931753158569
 
459 4.918712377548218
 
445 4.92594575881958
 
455 4.936344623565674
 
466 4.943704128265381
 
464 4.950792074203491
 
452 4.957684516906738
 
439 4.9652814865112305
 
443 4.971871852874756
 
454 4.978879690170288
 
451 4.986091375350952
 
439 4.993570327758789
 
434 5.000764608383179
 
