0 0.013272762298583984
 
0 0.020478487014770508
 
2 0.026985645294189453
 
19 0.035109519958496094
 
13 0.042243003845214844
 
38 0.04961204528808594
 
150 0.05619049072265625
 
171 0.06307744979858398
 
224 0.07439041137695312
 
253 0.08228683471679688
 
261 0.08993744850158691
 
286 0.09666776657104492
 
316 0.10370206832885742
 
342 0.11065363883972168
 
349 0.11715555191040039
 
355 0.12446451187133789
 
386 0.13128185272216797
 
405 0.13986945152282715
 
411 0.1462869644165039
 
399 0.15305829048156738
 
381 0.16026973724365234
 
386 0.16675877571105957
 
401 0.17403149604797363
 
424 0.18083524703979492
 
433 0.1890852451324463
 
424 0.19592881202697754
 
406 0.2027139663696289
 
398 0.20993900299072266
 
410 0.2164134979248047
 
427 0.2236175537109375
 
455 0.23064112663269043
 
456 0.23808598518371582
 
441 0.24534368515014648
 
425 0.25229597091674805
 
408 0.2598717212677002
 
408 0.26628923416137695
 
423 0.27324628829956055
 
456 0.2806234359741211
 
475 0.2880268096923828
 
474 0.2951047420501709
 
459 0.3019716739654541
 
429 0.3090786933898926
 
416 0.31591367721557617
 
410 0.3226137161254883
 
416 0.3298945426940918
 
444 0.3371860980987549
 
461 0.3444178104400635
 
460 0.3511788845062256
 
450 0.3578979969024658
 
421 0.36492490768432617
 
411 0.37187910079956055
 
407 0.37912607192993164
 
416 0.38658666610717773
 
449 0.3937671184539795
 
478 0.4006984233856201
 
480 0.407177209854126
 
466 0.41445350646972656
 
436 0.4211559295654297
 
422 0.4279003143310547
 
415 0.4352273941040039
 
422 0.4432244300842285
 
451 0.45049142837524414
 
484 0.4570271968841553
 
494 0.4641909599304199
 
503 0.4709665775299072
 
490 0.4776172637939453
 
450 0.4846153259277344
 
424 0.49279260635375977
 
413 0.4999821186065674
 
412 0.5065097808837891
 
421 0.5136468410491943
 
454 0.5206983089447021
 
469 0.5270671844482422
 
474 0.5343639850616455
 
458 0.5420844554901123
 
422 0.5491757392883301
 
412 0.5560116767883301
 
404 0.5627591609954834
 
414 0.5700497627258301
 
444 0.576542854309082
 
464 0.5836143493652344
 
465 0.5912556648254395
 
449 0.5980319976806641
 
420 0.6051197052001953
 
410 0.6120312213897705
 
405 0.61928391456604
 
414 0.6261050701141357
 
446 0.6331746578216553
 
477 0.6410977840423584
 
476 0.6478769779205322
 
454 0.6549801826477051
 
428 0.6619174480438232
 
412 0.6686310768127441
 
409 0.6757917404174805
 
418 0.6826848983764648
 
442 0.6900174617767334
 
467 0.6972322463989258
 
463 0.7044386863708496
 
451 0.7111775875091553
 
424 0.717949628829956
 
408 0.7249777317047119
 
404 0.7319161891937256
 
418 0.7392797470092773
 
453 0.7468357086181641
 
476 0.7538683414459229
 
477 0.7607724666595459
 
460 0.7673184871673584
 
432 0.774606466293335
 
416 0.7813465595245361
 
409 0.7880434989929199
 
427 0.7964036464691162
 
448 0.8036065101623535
 
474 0.8105769157409668
 
470 0.816957950592041
 
454 0.824080228805542
 
428 0.8309407234191895
 
415 0.8373448848724365
 
413 0.845757007598877
 
423 0.8528704643249512
 
452 0.8602373600006104
 
472 0.866663932800293
 
465 0.8746640682220459
 
450 0.8816368579864502
 
428 0.8881065845489502
 
411 0.8965463638305664
 
409 0.9036133289337158
 
427 0.91064453125
 
451 0.9176030158996582
 
475 0.9245965480804443
 
472 0.9313089847564697
 
457 0.9380364418029785
 
431 0.9462592601776123
 
415 0.9530661106109619
 
412 0.9602935314178467
 
424 0.9667847156524658
 
441 0.9743626117706299
 
464 0.981116533279419
 
464 0.9878432750701904
 
444 0.9959585666656494
 
425 1.0027580261230469
 
411 1.0099165439605713
 
407 1.0164518356323242
 
419 1.023770809173584
 
447 1.0308434963226318
 
465 1.0377283096313477
 
461 1.0446972846984863
 
442 1.052588939666748
 
416 1.0598266124725342
 
408 1.0757668018341064
 
424 1.0827736854553223
 
442 1.0900039672851562
 
474 1.1023309230804443
 
468 1.1167683601379395
 
388 1.1329286098480225
 
352 1.146594762802124
 
350 1.1628978252410889
 
392 1.1765916347503662
 
474 1.192751407623291
 
536 1.2070660591125488
 
531 1.2210068702697754
 
452 1.2370939254760742
 
375 1.2536234855651855
 
334 1.2691826820373535
 
330 1.284346103668213
 
392 1.300048828125
 
457 1.3163511753082275
 
467 1.3262982368469238
 
445 1.3332221508026123
 
399 1.3404057025909424
 
388 1.346827507019043
 
382 1.3538424968719482
 
389 1.3608717918395996
 
445 1.3778777122497559
 
455 1.390726089477539
 
430 1.3981389999389648
 
395 1.4056475162506104
 
376 1.4123454093933105
 
371 1.4198806285858154
 
386 1.4270634651184082
 
406 1.4343938827514648
 
433 1.4411325454711914
 
441 1.4478425979614258
 
428 1.4551472663879395
 
414 1.4620754718780518
 
406 1.4691722393035889
 
418 1.4766654968261719
 
436 1.4840056896209717
 
461 1.4908056259155273
 
462 1.4971771240234375
 
450 1.5044124126434326
 
424 1.511181354522705
 
417 1.518056869506836
 
413 1.5262951850891113
 
427 1.5332438945770264
 
458 1.5406033992767334
 
483 1.5471482276916504
 
482 1.5544047355651855
 
456 1.5611240863800049
 
436 1.5678679943084717
 
417 1.5761842727661133
 
412 1.5829966068267822
 
422 1.5903091430664062
 
444 1.596869945526123
 
468 1.6041526794433594
 
498 1.6109592914581299
 
498 1.6176159381866455
 
480 1.6256837844848633
 
443 1.6327402591705322
 
430 1.6399412155151367
 
415 1.6463508605957031
 
412 1.6531071662902832
 
428 1.660409688949585
 
456 1.6669189929962158
 
478 1.6743454933166504
 
481 1.6821305751800537
 
456 1.6892735958099365
 
432 1.696150541305542
 
415 1.702923059463501
 
406 1.710097074508667
 
412 1.7166459560394287
 
430 1.7238171100616455
 
457 1.731821060180664
 
460 1.7381980419158936
 
443 1.7453234195709229
 
425 1.7522649765014648
 
410 1.7598423957824707
 
408 1.7663867473602295
 
418 1.7735986709594727
 
450 1.7816529273986816
 
482 1.7880859375
 
484 1.7951767444610596
 
464 1.802203893661499
 
436 1.80973219871521
 
416 1.8163273334503174
 
407 1.8231470584869385
 
412 1.8311128616333008
 
434 1.8379263877868652
 
461 1.8450751304626465
 
463 1.8519656658172607
 
447 1.8590712547302246
 
424 1.8656015396118164
 
410 1.8733079433441162
 
404 1.881239652633667
 
413 1.8880319595336914
 
444 1.8953008651733398
 
470 1.902189016342163
 
474 1.909332036972046
 
457 1.9160256385803223
 
430 1.9227919578552246
 
416 1.930626630783081
 
405 1.9372186660766602
 
417 1.9446113109588623
 
437 1.9516825675964355
 
461 1.9581315517425537
 
465 1.9652678966522217
 
451 1.972181797027588
 
424 1.9793202877044678
 
411 1.9867980480194092
 
409 1.994091510772705
 
422 2.0010533332824707
 
448 2.0078604221343994
 
477 2.0147972106933594
 
476 2.0218141078948975
 
465 2.028606653213501
 
431 2.0363929271698
 
413 2.0431840419769287
 
407 2.050384521484375
 
416 2.05704665184021
 
443 2.07210111618042
 
455 2.0796570777893066
 
426 2.086987018585205
 
387 2.094491720199585
 
370 2.1011996269226074
 
365 2.107879638671875
 
376 2.115262508392334
 
407 2.1223130226135254
 
434 2.1297333240509033
 
447 2.136931896209717
 
433 2.1441051959991455
 
414 2.150926351547241
 
405 2.157280445098877
 
411 2.1646018028259277
 
429 2.171651840209961
 
453 2.1790072917938232
 
453 2.18649959564209
 
440 2.193666458129883
 
414 2.2006101608276367
 
406 2.206969738006592
 
404 2.2142059803009033
 
425 2.221079111099243
 
454 2.2279531955718994
 
490 2.236323118209839
 
481 2.243105888366699
 
457 2.250277280807495
 
435 2.2567081451416016
 
418 2.26375150680542
 
407 2.2706527709960938
 
409 2.2771248817443848
 
431 2.284435510635376
 
482 2.292741298675537
 
490 2.2999513149261475
 
497 2.306344747543335
 
477 2.3130996227264404
 
443 2.3203091621398926
 
424 2.326869010925293
 
414 2.33388614654541
 
414 2.3416738510131836
 
431 2.348612070083618
 
455 2.355832815170288
 
482 2.3626351356506348
 
481 2.3698625564575195
 
458 2.3762834072113037
 
432 2.3830363750457764
 
418 2.3909900188446045
 
412 2.3976633548736572
 
420 2.4047317504882812
 
439 2.411841869354248
 
476 2.419243812561035
 
496 2.4260637760162354
 
495 2.432943820953369
 
462 2.4409101009368896
 
442 2.447270631790161
 
423 2.4546375274658203
 
414 2.461632013320923
 
415 2.4680471420288086
 
428 2.4756035804748535
 
459 2.4825873374938965
 
482 2.4904282093048096
 
480 2.496786117553711
 
464 2.5038394927978516
 
432 2.514173746109009
 
415 2.5210087299346924
 
409 2.5276522636413574
 
413 2.5349695682525635
 
441 2.542999029159546
 
466 2.550276041030884
 
469 2.556668519973755
 
453 2.5637571811676025
 
431 2.570664644241333
 
418 2.5770578384399414
 
414 2.5844297409057617
 
429 2.592346668243408
 
455 2.599980115890503
 
478 2.606362819671631
 
481 2.6131839752197266
 
455 2.6203880310058594
 
436 2.6267638206481934
 
420 2.6340298652648926
 
413 2.641982316970825
 
420 2.649172782897949
 
437 2.656125545501709
 
464 2.6629226207733154
 
464 2.6700985431671143
 
446 2.676574468612671
 
425 2.6835830211639404
 
410 2.6906025409698486
 
406 2.6980996131896973
 
418 2.705289125442505
 
450 2.71233868598938
 
471 2.7199506759643555
 
475 2.726365804672241
 
458 2.73311448097229
 
430 2.7403078079223633
 
417 2.7476699352264404
 
406 2.7546777725219727
 
411 2.7617857456207275
 
438 2.769087314605713
 
458 2.775963544845581
 
461 2.782712936401367
 
449 2.789926290512085
 
422 2.797031879425049
 
415 2.80417799949646
 
411 2.8109986782073975
 
420 2.8177826404571533
 
450 2.824930191040039
 
475 2.8318583965301514
 
479 2.839139461517334
 
454 2.8467767238616943
 
432 2.853851079940796
 
415 2.860748052597046
 
412 2.8671741485595703
 
418 2.8753457069396973
 
451 2.882359266281128
 
470 2.889737606048584
 
477 2.897097587585449
 
461 2.9043326377868652
 
427 2.9110941886901855
 
414 2.9178173542022705
 
407 2.9247934818267822
 
414 2.9319546222686768
 
447 2.9391653537750244
 
467 2.9465749263763428
 
468 2.953871250152588
 
440 2.9607841968536377
 
422 2.9671711921691895
 
406 2.97456955909729
 
405 2.981290340423584
 
414 2.988090753555298
 
446 2.99528169631958
 
474 3.0030860900878906
 
469 3.010328531265259
 
450 3.016939640045166
 
432 3.0240795612335205
 
408 3.0309460163116455
 
406 3.0376243591308594
 
417 3.0447113513946533
 
452 3.052889585494995
 
471 3.06005597114563
 
465 3.070828676223755
 
446 3.077780246734619
 
420 3.0849926471710205
 
405 3.0920727252960205
 
405 3.1004059314727783
 
420 3.1071465015411377
 
457 3.1144938468933105
 
478 3.121267080307007
 
478 3.127993583679199
 
456 3.1353068351745605
 
435 3.1422228813171387
 
410 3.1502785682678223
 
408 3.1567022800445557
 
416 3.1638572216033936
 
447 3.1709632873535156
 
468 3.1776692867279053
 
473 3.1846201419830322
 
462 3.191638708114624
 
432 3.1999642848968506
 
417 3.2064132690429688
 
417 3.213240623474121
 
431 3.2205348014831543
 
451 3.2270383834838867
 
473 3.234433889389038
 
473 3.241180181503296
 
456 3.2478809356689453
 
428 3.2562782764434814
 
410 3.263068199157715
 
410 3.270296096801758
 
421 3.2768423557281494
 
441 3.2841126918792725
 
468 3.2909514904022217
 
468 3.2976462841033936
 
446 3.305783271789551
 
419 3.312732458114624
 
409 3.3199386596679688
 
409 3.3263638019561768
 
420 3.333263635635376
 
453 3.340564489364624
 
465 3.3469467163085938
 
464 3.355116128921509
 
452 3.3620097637176514
 
420 3.369309902191162
 
397 3.3761630058288574
 
405 3.383033514022827
 
421 3.390348196029663
 
448 3.3968863487243652
 
470 3.404888391494751
 
469 3.411834239959717
 
451 3.4185640811920166
 
422 3.425311803817749
 
412 3.4322431087493896
 
407 3.439807653427124
 
424 3.4463136196136475
 
443 3.4544291496276855
 
469 3.461167097091675
 
464 3.467912197113037
 
444 3.474914789199829
 
427 3.481849193572998
 
410 3.488589286804199
 
407 3.495819568634033
 
421 3.502784252166748
 
451 3.510861396789551
 
465 3.5172834396362305
 
461 3.524570941925049
 
448 3.531266450881958
 
427 3.5379724502563477
 
410 3.5451133251190186
 
408 3.552025556564331
 
426 3.5605056285858154
 
451 3.5670440196990967
 
470 3.5743277072906494
 
473 3.581102132797241
 
456 3.5878372192382812
 
429 3.594797372817993
 
415 3.6017909049987793
 
411 3.6099653244018555
 
424 3.6166036128997803
 
442 3.6240127086639404
 
468 3.6308135986328125
 
469 3.6372101306915283
 
449 3.6445086002349854
 
428 3.651228189468384
 
415 3.6596133708953857
 
415 3.6660690307617188
 
428 3.6731491088867188
 
456 3.680467367172241
 
472 3.686875104904175
 
473 3.6939024925231934
 
449 3.7008471488952637
 
428 3.7090511322021484
 
413 3.7156145572662354
 
413 3.722329616546631
 
420 3.7298760414123535
 
440 3.73651385307312
 
462 3.743295192718506
 
462 3.750455141067505
 
448 3.7580642700195312
 
424 3.765180826187134
 
416 3.772091865539551
 
415 3.7791988849639893
 
424 3.7859792709350586
 
454 3.7930662631988525
 
476 3.8002703189849854
 
476 3.8066911697387695
 
450 3.8146207332611084
 
433 3.821338176727295
 
422 3.8280138969421387
 
416 3.835110664367676
 
421 3.8421196937561035
 
446 3.8496530055999756
 
463 3.8562965393066406
 
464 3.864107131958008
 
443 3.8709464073181152
 
421 3.879098415374756
 
412 3.8859195709228516
 
411 3.8926336765289307
 
419 3.899951219558716
 
449 3.9064135551452637
 
468 3.9145872592926025
 
467 3.921339273452759
 
451 3.9280354976654053
 
425 3.935110569000244
 
413 3.941997766494751
 
410 3.949103355407715
 
416 3.9557745456695557
 
447 3.963848829269409
 
468 3.9707539081573486
 
469 3.9772796630859375
 
450 3.9845187664031982
 
429 3.9912667274475098
 
419 3.9979846477508545
 
413 4.005099296569824
 
427 4.013223648071289
 
458 4.020582675933838
 
479 4.026968479156494
 
480 4.034359455108643
 
459 4.041093826293945
 
437 4.047820091247559
 
417 4.054776430130005
 
413 4.062607526779175
 
456 4.0813047885894775
 
492 4.088998317718506
 
516 4.096248626708984
 
543 4.10320520401001
 
531 4.11041784286499
 
517 4.117815732955933
 
458 4.124889135360718
 
439 4.1318299770355225
 
421 4.138567924499512
 
399 4.145715236663818
 
402 4.1527276039123535
 
415 4.160066604614258
 
445 4.167322397232056
 
474 4.1746320724487305
 
475 4.1816771030426025
 
458 4.188196897506714
 
433 4.1953229904174805
 
418 4.202272415161133
 
412 4.209638833999634
 
421 4.2171361446380615
 
450 4.224462509155273
 
464 4.231157064437866
 
467 4.237880229949951
 
449 4.244993686676025
 
434 4.251925468444824
 
416 4.259013652801514
 
412 4.26643967628479
 
423 4.2738118171691895
 
451 4.280803680419922
 
465 4.287198066711426
 
467 4.294438600540161
 
453 4.301191329956055
 
430 4.307887077331543
 
413 4.3149566650390625
 
410 4.322763919830322
 
416 4.330019474029541
 
442 4.336681365966797
 
458 4.34368634223938
 
460 4.350593566894531
 
443 4.35702657699585
 
427 4.364157676696777
 
414 4.372016906738281
 
411 4.3790905475616455
 
420 4.3857762813568115
 
446 4.392926216125488
 
468 4.4001100063323975
 
470 4.4066784381866455
 
455 4.41373610496521
 
429 4.4216578006744385
 
418 4.42810583114624
 
412 4.435179948806763
 
420 4.4422266483306885
 
441 4.449686288833618
 
464 4.456296443939209
 
463 4.463066339492798
 
446 4.4709250926971436
 
425 4.477311134338379
 
414 4.484668731689453
 
411 4.491646766662598
 
418 4.498201608657837
 
448 4.505935192108154
 
471 4.51284646987915
 
472 4.5206663608551025
 
455 4.527082920074463
 
427 4.53450345993042
 
416 4.541211366653442
 
411 4.547898054122925
 
421 4.55506706237793
 
440 4.56221079826355
 
469 4.569321393966675
 
475 4.576882839202881
 
464 4.5840253829956055
 
434 4.590856075286865
 
421 4.597250938415527
 
413 4.6044580936431885
 
423 4.6112329959869385
 
436 4.61808180809021
 
465 4.6262922286987305
 
462 4.633196592330933
 
444 4.640406847000122
 
422 4.646827220916748
 
412 4.653851509094238
 
408 4.660757780075073
 
413 4.6676928997039795
 
449 4.676023244857788
 
478 4.6827497482299805
 
478 4.689936399459839
 
462 4.6964945793151855
 
439 4.703282117843628
 
419 4.710478067398071
 
412 4.716886520385742
 
421 4.7250518798828125
 
440 4.732107400894165
 
468 4.739258289337158
 
470 4.745946407318115
 
453 4.752814769744873
 
434 4.760066986083984
 
419 4.766460180282593
 
411 4.774450778961182
 
422 4.781270265579224
 
441 4.788067817687988
 
468 4.795658826828003
 
472 4.802356243133545
 
453 4.809731721878052
 
425 4.8163323402404785
 
412 4.824323654174805
 
409 4.831094026565552
 
414 4.837923526763916
 
444 4.845125913619995
 
466 4.852062940597534
 
471 4.859126091003418
 
455 4.865681171417236
 
425 4.8733439445495605
 
412 4.881314277648926
 
410 4.887983560562134
 
419 4.8951616287231445
 
445 4.9021923542022705
 
473 4.909329891204834
 
471 4.919741153717041
 
444 4.927088737487793
 
421 4.934513330459595
 
405 4.941226005554199
 
397 4.947948932647705
 
405 4.955180406570435
 
435 4.962255954742432
 
467 4.969603776931763
 
472 4.97674036026001
 
451 4.983843803405762
 
426 4.990777015686035
 
412 4.997345209121704
 
409 5.004603624343872
 
