0 0.013131141662597656
 
0 0.020502090454101562
 
3 0.02743816375732422
 
19 0.03501296043395996
 
57 0.041403770446777344
 
37 0.04928731918334961
 
121 0.0560450553894043
 
160 0.06250119209289551
 
179 0.06967043876647949
 
219 0.07648730278015137
 
247 0.08341360092163086
 
278 0.09049415588378906
 
293 0.09830975532531738
 
317 0.10556650161743164
 
322 0.11198091506958008
 
326 0.1189734935760498
 
336 0.12599492073059082
 
341 0.13251352310180664
 
371 0.13995623588562012
 
383 0.14786577224731445
 
384 0.1550428867340088
 
393 0.16170787811279297
 
410 0.16888880729675293
 
436 0.1758403778076172
 
441 0.18221116065979004
 
434 0.18935179710388184
 
419 0.1973130702972412
 
421 0.20496177673339844
 
442 0.21151208877563477
 
469 0.2182614803314209
 
470 0.22542595863342285
 
451 0.23177456855773926
 
433 0.23853135108947754
 
426 0.24568700790405273
 
432 0.2532227039337158
 
493 0.27341651916503906
 
461 0.29289722442626953
 
370 0.3112218379974365
 
344 0.3318796157836914
 
372 0.35323596000671387
 
452 0.3694288730621338
 
420 0.4131429195404053
 
277 0.4399693012237549
 
336 0.47319602966308594
 
382 0.4808380603790283
 
394 0.4874546527862549
 
411 0.49453115463256836
 
409 0.5020174980163574
 
403 0.509319543838501
 
423 0.5162081718444824
 
440 0.5225570201873779
 
444 0.5297605991363525
 
434 0.5364701747894287
 
420 0.5431663990020752
 
420 0.5504810810089111
 
442 0.5590269565582275
 
466 0.565962553024292
 
469 0.5723206996917725
 
458 0.5794153213500977
 
435 0.5862083435058594
 
427 0.5925757884979248
 
434 0.5998969078063965
 
462 0.6079974174499512
 
482 0.6151483058929443
 
486 0.6216840744018555
 
469 0.6285579204559326
 
446 0.6356821060180664
 
433 0.6420273780822754
 
430 0.6491401195526123
 
448 0.6571786403656006
 
465 0.6642568111419678
 
478 0.6705806255340576
 
468 0.6774892807006836
 
449 0.6851515769958496
 
437 0.6915433406829834
 
438 0.6983609199523926
 
456 0.7063372135162354
 
473 0.7130684852600098
 
469 0.720017671585083
 
455 0.7270529270172119
 
437 0.7333824634552002
 
426 0.7408602237701416
 
433 0.747838020324707
 
451 0.7557530403137207
 
472 0.7621479034423828
 
468 0.7691426277160645
 
449 0.778092622756958
 
429 0.7852375507354736
 
424 0.7916100025177002
 
433 0.7989239692687988
 
458 0.8070504665374756
 
480 0.8142967224121094
 
471 0.8208465576171875
 
455 0.8275530338287354
 
429 0.8348824977874756
 
421 0.8413081169128418
 
427 0.8481631278991699
 
441 0.855471134185791
 
467 0.8630726337432861
 
465 0.8700094223022461
 
445 0.8769309520721436
 
428 0.8833587169647217
 
418 0.8905134201049805
 
427 0.8975539207458496
 
457 0.9050014019012451
 
480 0.9121344089508057
 
475 0.9194080829620361
 
457 0.926180362701416
 
433 0.9325454235076904
 
423 0.9399433135986328
 
430 0.947089433670044
 
456 0.9542663097381592
 
471 0.961702823638916
 
468 0.9684946537017822
 
443 0.9756693840026855
 
427 0.9822149276733398
 
416 0.9893207550048828
 
426 0.9961903095245361
 
440 1.0029523372650146
 
467 1.0110299587249756
 
465 1.0178637504577637
 
448 1.0250575542449951
 
428 1.0315008163452148
 
417 1.0384230613708496
 
426 1.0456528663635254
 
446 1.052156686782837
 
471 1.0602226257324219
 
472 1.0672388076782227
 
451 1.074486494064331
 
431 1.080993413925171
 
419 1.0878245830535889
 
424 1.095073938369751
 
454 1.1017305850982666
 
472 1.108476161956787
 
471 1.1164402961730957
 
454 1.1231639385223389
 
430 1.1301779747009277
 
421 1.1370956897735596
 
425 1.1443123817443848
 
444 1.1512069702148438
 
471 1.1580564975738525
 
472 1.1659424304962158
 
457 1.172302484512329
 
434 1.1794021129608154
 
426 1.1861817836761475
 
428 1.1929004192352295
 
456 1.2002308368682861
 
474 1.20717191696167
 
476 1.215315818786621
 
460 1.221909999847412
 
435 1.228917121887207
 
425 1.2359123229980469
 
428 1.2423171997070312
 
445 1.2496309280395508
 
470 1.2564125061035156
 
470 1.2655739784240723
 
451 1.271986484527588
 
432 1.2791574001312256
 
425 1.286022424697876
 
428 1.2924995422363281
 
455 1.2997465133666992
 
468 1.3064188957214355
 
474 1.314540147781372
 
459 1.3212661743164062
 
438 1.3281261920928955
 
432 1.3352634906768799
 
434 1.34190034866333
 
453 1.3490004539489746
 
474 1.3558835983276367
 
476 1.362217903137207
 
458 1.3702104091644287
 
442 1.3771672248840332
 
432 1.3838605880737305
 
434 1.3908963203430176
 
458 1.3979768753051758
 
474 1.4051871299743652
 
474 1.4116265773773193
 
460 1.419395923614502
 
438 1.4261932373046875
 
430 1.4325613975524902
 
432 1.439875841140747
 
454 1.4470431804656982
 
456 1.4651904106140137
 
430 1.4725160598754883
 
388 1.4800493717193604
 
379 1.4870784282684326
 
390 1.4944124221801758
 
408 1.5012004375457764
 
434 1.5078833103179932
 
439 1.5150673389434814
 
431 1.5223565101623535
 
420 1.5294675827026367
 
424 1.5363712310791016
 
442 1.5431971549987793
 
467 1.5502221584320068
 
469 1.5571181774139404
 
458 1.563965082168579
 
428 1.5716552734375
 
421 1.5788304805755615
 
431 1.5859029293060303
 
457 1.5925111770629883
 
477 1.5997512340545654
 
478 1.6064519882202148
 
460 1.6131610870361328
 
436 1.621307134628296
 
426 1.6280443668365479
 
429 1.6352448463439941
 
454 1.6418249607086182
 
470 1.6488993167877197
 
472 1.6558098793029785
 
457 1.662198543548584
 
431 1.6703641414642334
 
424 1.6772832870483398
 
429 1.6844582557678223
 
444 1.691227912902832
 
471 1.6981451511383057
 
475 1.7052481174468994
 
459 1.7116267681121826
 
434 1.7188959121704102
 
425 1.7265956401824951
 
426 1.733337640762329
 
448 1.7405407428741455
 
470 1.7474513053894043
 
472 1.754523515701294
 
458 1.7612979412078857
 
432 1.7680256366729736
 
421 1.7760844230651855
 
421 1.7825369834899902
 
446 1.7898554801940918
 
463 1.7965271472930908
 
467 1.8032455444335938
 
454 1.810248851776123
 
434 1.8171956539154053
 
426 1.8253884315490723
 
431 1.8319036960601807
 
453 1.8389840126037598
 
472 1.8459324836730957
 
475 1.8524136543273926
 
462 1.8596491813659668
 
441 1.866363286972046
 
430 1.8748574256896973
 
436 1.8815703392028809
 
457 1.8885009288787842
 
478 1.895676851272583
 
477 1.9020273685455322
 
467 1.9090652465820312
 
443 1.9159622192382812
 
440 1.9233675003051758
 
440 1.9305593967437744
 
458 1.9375841617584229
 
478 1.9451932907104492
 
477 1.9515748023986816
 
458 1.958341121673584
 
438 1.965519666671753
 
429 1.9719007015228271
 
434 1.980149507522583
 
448 1.9871954917907715
 
469 1.9942889213562012
 
471 2.001035451889038
 
451 2.0078511238098145
 
439 2.015061140060425
 
431 2.0214574337005615
 
435 2.0293591022491455
 
456 2.0363717079162598
 
477 2.043065309524536
 
475 2.050017833709717
 
461 2.057030439376831
 
436 2.064312219619751
 
431 2.0708272457122803
 
436 2.078582525253296
 
457 2.08587384223938
 
468 2.0922412872314453
 
467 2.0993456840515137
 
451 2.1062302589416504
 
435 2.1130616664886475
 
421 2.1203503608703613
 
430 2.1283414363861084
 
465 2.1356258392333984
 
479 2.142000913619995
 
473 2.149097442626953
 
459 2.155942678451538
 
437 2.1622915267944336
 
427 2.1694531440734863
 
432 2.1774799823760986
 
454 2.18514084815979
 
480 2.1915316581726074
 
474 2.1982831954956055
 
455 2.2054736614227295
 
438 2.2118513584136963
 
424 2.2188918590545654
 
431 2.22587513923645
 
444 2.233327865600586
 
472 2.2405924797058105
 
472 2.2475085258483887
 
456 2.25454044342041
 
430 2.2619025707244873
 
422 2.2688944339752197
 
430 2.2759361267089844
 
451 2.2834625244140625
 
481 2.290994167327881
 
477 2.2979795932769775
 
458 2.3051466941833496
 
440 2.311556577682495
 
422 2.3182923793792725
 
428 2.325606107711792
 
446 2.3331680297851562
 
475 2.3401384353637695
 
476 2.3469460010528564
 
463 2.3534066677093506
 
437 2.360889434814453
 
424 2.3676178455352783
 
427 2.3752083778381348
 
449 2.3824386596679688
 
465 2.389674425125122
 
466 2.396519899368286
 
455 2.4031989574432373
 
427 2.4102542400360107
 
421 2.417163372039795
 
426 2.424487352371216
 
456 2.4319727420806885
 
473 2.4390830993652344
 
474 2.44598388671875
 
425 2.4623920917510986
 
408 2.469743490219116
 
404 2.4764695167541504
 
448 2.4916765689849854
 
529 2.508136510848999
 
512 2.5218656063079834
 
451 2.5373122692108154
 
392 2.5513439178466797
 
360 2.5724377632141113
 
390 2.590829372406006
 
461 2.607187509536743
 
479 2.619307518005371
 
417 2.636873483657837
 
363 2.6508636474609375
 
357 2.6649887561798096
 
415 2.681034803390503
 
498 2.697279691696167
 
508 2.711038112640381
 
452 2.7180063724517822
 
429 2.7251486778259277
 
408 2.731511116027832
 
390 2.7382895946502686
 
399 2.7455649375915527
 
441 2.759413957595825
 
469 2.775578737258911
 
445 2.7829835414886475
 
412 2.789888620376587
 
390 2.7968595027923584
 
386 2.8033769130706787
 
399 2.810563802719116
 
421 2.818467378616333
 
425 2.8256051540374756
 
419 2.8320300579071045
 
410 2.83929181098938
 
420 2.84621262550354
 
437 2.8529341220855713
 
467 2.859872341156006
 
461 2.8678689002990723
 
449 2.8750243186950684
 
430 2.881436586380005
 
423 2.888237953186035
 
438 2.895498514175415
 
460 2.9021987915039062
 
479 2.909322738647461
 
478 2.9171266555786133
 
458 2.923828125
 
434 2.930553436279297
 
424 2.9374446868896484
 
427 2.9448790550231934
 
442 2.951417922973633
 
465 2.958347797393799
 
463 2.966184139251709
 
448 2.9725570678710938
 
427 2.979802131652832
 
420 2.986482858657837
 
424 2.9932830333709717
 
452 3.000481367111206
 
477 3.0073578357696533
 
478 3.014486074447632
 
459 3.0219857692718506
 
438 3.0293068885803223
 
422 3.0360758304595947
 
426 3.042527914047241
 
447 3.049858331680298
 
467 3.0565364360809326
 
474 3.0632238388061523
 
451 3.0714356899261475
 
431 3.0783932209014893
 
422 3.0855472087860107
 
428 3.0920214653015137
 
446 3.09926176071167
 
475 3.1060407161712646
 
480 3.112386465072632
 
461 3.1205148696899414
 
441 3.127497434616089
 
423 3.1345982551574707
 
423 3.141495704650879
 
446 3.148455858230591
 
469 3.15559983253479
 
473 3.162144899368286
 
451 3.1700291633605957
 
437 3.177100658416748
 
429 3.1834044456481934
 
431 3.1905579566955566
 
457 3.1975908279418945
 
474 3.205146312713623
 
477 3.2115180492401123
 
462 3.219400644302368
 
438 3.2261807918548584
 
429 3.232542037963867
 
434 3.2398459911346436
 
444 3.2469093799591064
 
466 3.253329038619995
 
464 3.261580467224121
 
449 3.2693710327148438
 
424 3.276209592819214
 
422 3.282543420791626
 
430 3.290044069290161
 
451 3.2971394062042236
 
471 3.3038315773010254
 
480 3.310547113418579
 
472 3.3174266815185547
 
442 3.32572865486145
 
431 3.3320775032043457
 
430 3.3392632007598877
 
455 3.346151351928711
 
461 3.352544069290161
 
465 3.3597464561462402
 
453 3.3664138317108154
 
428 3.3748717308044434
 
424 3.381462574005127
 
431 3.388303518295288
 
459 3.39556884765625
 
473 3.401918888092041
 
473 3.408921241760254
 
452 3.415912389755249
 
435 3.4233644008636475
 
426 3.4304697513580322
 
429 3.4374606609344482
 
453 3.4451072216033936
 
469 3.455537796020508
 
458 3.4620707035064697
 
442 3.469330072402954
 
421 3.477264404296875
 
414 3.4845287799835205
 
423 3.49129319190979
 
458 3.498332977294922
 
480 3.505505084991455
 
476 3.5118443965911865
 
467 3.51888108253479
 
436 3.526534080505371
 
433 3.533220052719116
 
434 3.540391445159912
 
453 3.547376871109009
 
472 3.554823875427246
 
474 3.5614376068115234
 
451 3.5682106018066406
 
430 3.576066493988037
 
427 3.582409620285034
 
431 3.589691638946533
 
451 3.5964813232421875
 
465 3.603167772293091
 
465 3.6102006435394287
 
456 3.6171138286590576
 
428 3.62530517578125
 
424 3.6316566467285156
 
431 3.6385438442230225
 
462 3.6458017826080322
 
475 3.6521575450897217
 
473 3.6591501235961914
 
456 3.666032552719116
 
432 3.6724014282226562
 
421 3.680900812149048
 
428 3.687873363494873
 
450 3.6951916217803955
 
472 3.70156192779541
 
473 3.708284378051758
 
452 3.715494155883789
 
432 3.721911907196045
 
424 3.7299153804779053
 
429 3.7370476722717285
 
461 3.7443761825561523
 
478 3.750936269760132
 
478 3.7575862407684326
 
463 3.764963388442993
 
443 3.771383047103882
 
427 3.779278039932251
 
426 3.7862234115600586
 
444 3.7930054664611816
 
469 3.800175189971924
 
466 3.807098627090454
 
448 3.81431245803833
 
429 3.8208043575286865
 
421 3.8283514976501465
 
428 3.8356754779815674
 
453 3.842144727706909
 
470 3.8491196632385254
 
474 3.8559980392456055
 
460 3.8625288009643555
 
441 3.8697521686553955
 
431 3.8764426708221436
 
434 3.8850529193878174
 
457 3.8915774822235107
 
477 3.8983662128448486
 
475 3.9055559635162354
 
461 3.911914348602295
 
441 3.91904878616333
 
430 3.9259510040283203
 
432 3.933858871459961
 
454 3.9411845207214355
 
476 3.9479029178619385
 
477 3.955087661743164
 
462 3.961475133895874
 
444 3.968245506286621
 
431 3.975385904312134
 
434 3.9830591678619385
 
451 3.9901680946350098
 
474 3.9970481395721436
 
475 4.0034098625183105
 
458 4.010520696640015
 
441 4.017361164093018
 
430 4.0244951248168945
 
437 4.0319483280181885
 
454 4.039362668991089
 
475 4.046245098114014
 
472 4.0528600215911865
 
451 4.0598626136779785
 
439 4.066573858261108
 
427 4.073379278182983
 
432 4.0805535316467285
 
460 4.088529109954834
 
481 4.095716953277588
 
478 4.102224588394165
 
460 4.109324216842651
 
440 4.116113901138306
 
430 4.122466325759888
 
436 4.129766225814819
 
460 4.137854814529419
 
473 4.144993543624878
 
475 4.151404142379761
 
461 4.15834641456604
 
437 4.16553521156311
 
430 4.171884536743164
 
435 4.178950548171997
 
456 4.187060832977295
 
473 4.19337010383606
 
472 4.200819730758667
 
454 4.20748496055603
 
431 4.2145774364471436
 
421 4.221388339996338
 
429 4.228267431259155
 
455 4.2362072467803955
 
468 4.24259090423584
 
462 4.249778509140015
 
446 4.256496429443359
 
419 4.26481294631958
 
414 4.271284580230713
 
424 4.278280258178711
 
458 4.28620719909668
 
473 4.2925615310668945
 
471 4.299775838851929
 
456 4.306477069854736
 
434 4.313195466995239
 
421 4.3202149868011475
 
424 4.327299118041992
 
450 4.33546257019043
 
475 4.342074632644653
 
473 4.349111080169678
 
448 4.356080770492554
 
430 4.362419128417969
 
421 4.369623184204102
 
423 4.376445531845093
 
442 4.383251428604126
 
471 4.3915205001831055
 
469 4.398439407348633
 
444 4.405614376068115
 
428 4.412017345428467
 
419 4.419130802154541
 
424 4.426063537597656
 
441 4.432538032531738
 
467 4.440961837768555
 
467 4.447626113891602
 
435 4.458508491516113
 
418 4.465665817260742
 
414 4.4722137451171875
 
424 4.479749441146851
 
447 4.487565040588379
 
472 4.494992971420288
 
474 4.501423358917236
 
453 4.508188009262085
 
436 4.5153210163116455
 
420 4.521854400634766
 
422 4.529031038284302
 
443 4.536027193069458
 
460 4.5442633628845215
 
463 4.550586223602295
 
448 4.5575292110443115
 
429 4.564590692520142
 
420 4.571268558502197
 
428 4.578247308731079
 
459 4.585545778274536
 
474 4.593100309371948
 
468 4.600006580352783
 
452 4.606948614120483
 
438 4.6133832931518555
 
425 4.620477199554443
 
428 4.627445697784424
 
448 4.63488245010376
 
470 4.64231014251709
 
470 4.649422645568848
 
451 4.656207084655762
 
436 4.662554740905762
 
425 4.669813632965088
 
429 4.676588296890259
 
450 4.683361530303955
 
472 4.691526174545288
 
469 4.698499917984009
 
450 4.705661296844482
 
432 4.712033033370972
 
426 4.719332218170166
 
433 4.726203918457031
 
450 4.7330076694488525
 
473 4.739963531494141
 
466 4.747825384140015
 
449 4.7550108432769775
 
427 4.761582612991333
 
423 4.768348217010498
 
431 4.775612831115723
 
450 4.782120704650879
 
470 4.789273262023926
 
467 4.797139644622803
 
454 4.803820610046387
 
432 4.810560703277588
 
421 4.817462682723999
 
429 4.825066089630127
 
450 4.831577301025391
 
474 4.838351488113403
 
470 4.846323013305664
 
451 4.853229761123657
 
429 4.860347747802734
 
422 4.867270469665527
 
432 4.87449049949646
 
450 4.881412506103516
 
478 4.888181924819946
 
472 4.895947217941284
 
455 4.902421474456787
 
438 4.909623384475708
 
422 4.916377544403076
 
425 4.923135995864868
 
447 4.930344820022583
 
468 4.937245607376099
 
468 4.945411920547485
 
447 4.9517905712127686
 
425 4.958560466766357
 
418 4.965692758560181
 
425 4.972177267074585
 
458 4.979702711105347
 
475 4.98640775680542
 
476 4.993106126785278
 
452 5.001458168029785
 
